Game,Round,P0 Score,P1 Score,Winner,Turns,P0 Win,P1 Win,P0 Deadwood,P1 Deadwood
0,0,51,0,0,5,51,0,3,54
0,1,51,6,1,11,0,6,13,7
0,2,94,6,0,7,43,0,0,18
0,3,94,53,1,5,0,47,55,8
0,4,103,53,0,11,9,0,8,17
1,0,0,25,1,6,0,25,33,8
1,1,26,25,0,7,26,0,1,27
1,2,48,25,0,5,22,0,7,29
1,3,48,67,1,5,0,42,51,9
1,4,48,98,1,10,0,31,37,6
1,5,63,98,0,4,15,0,8,23
1,6,63,105,1,5,0,7,15,8
2,0,0,12,1,3,0,12,20,8
2,1,52,12,0,3,52,0,1,53
2,2,52,34,1,8,0,22,29,7
2,3,52,72,1,5,0,38,44,6
2,4,93,72,0,6,41,0,10,51
2,5,93,99,1,8,0,27,36,9
2,6,93,105,1,12,0,6,12,6
3,0,0,11,1,10,0,11,18,7
3,1,15,11,0,8,15,0,8,23
3,2,29,11,0,9,14,0,8,22
3,3,38,11,0,10,9,0,2,11
3,4,44,11,0,6,6,0,9,15
3,5,44,29,1,6,0,18,25,7
3,6,62,29,0,12,18,0,10,28
3,7,62,78,1,4,0,49,59,10
3,8,64,78,0,13,2,0,10,12
3,9,76,78,0,6,12,0,3,15
3,10,94,78,0,6,18,0,7,25
3,11,129,78,0,3,35,0,6,41
4,0,30,0,0,4,30,0,10,40
4,1,65,0,0,4,35,0,7,42
4,2,91,0,0,6,26,0,1,27
4,3,110,0,0,3,19,0,7,26
5,0,0,20,1,7,0,20,28,8
5,1,0,51,1,4,0,31,41,10
5,2,47,51,0,3,47,0,9,56
5,3,62,51,0,6,15,0,10,25
5,4,78,51,0,12,16,0,7,23
5,5,114,51,0,15,36,0,0,11
6,0,17,0,0,3,17,0,7,24
6,1,17,6,1,5,0,6,14,8
6,2,17,19,1,9,0,13,22,9
6,3,22,19,0,3,5,0,10,15
6,4,22,49,1,6,0,30,38,8
6,5,22,56,1,12,0,7,14,7
6,6,22,60,1,7,0,4,13,9
6,7,22,102,1,7,0,42,52,10
7,0,40,0,0,2,40,0,8,48
7,1,54,0,0,6,14,0,9,23
7,2,59,0,0,5,5,0,6,11
7,3,59,28,1,3,0,28,36,8
7,4,59,43,1,8,0,15,22,7
7,5,77,43,0,8,18,0,8,26
7,6,115,43,0,11,38,0,7,45
8,0,0,36,1,2,0,36,40,4
8,1,25,36,0,6,25,0,6,31
8,2,25,63,1,7,0,27,30,3
8,3,25,80,1,6,0,17,24,7
8,4,25,113,1,5,0,33,39,6
9,0,0,1,1,9,0,1,11,10
9,1,32,1,0,1,32,0,10,42
9,2,42,1,0,7,10,0,3,13
9,3,58,1,0,8,16,0,3,19
9,4,58,19,1,11,0,18,20,2
9,5,58,60,1,1,0,41,50,9
9,6,58,72,1,7,0,12,14,2
9,7,103,72,0,6,45,0,2,47
10,0,10,0,0,11,10,0,7,17
10,1,10,18,1,5,0,18,27,9
10,2,43,18,0,6,33,0,3,36
10,3,43,102,1,5,0,84,86,2
11,0,0,7,1,7,0,7,16,9
11,1,8,7,0,9,8,0,3,11
11,2,22,7,0,10,14,0,9,23
11,3,39,7,0,3,17,0,4,21
11,4,39,63,1,4,0,56,65,9
11,5,86,63,0,1,47,0,10,57
11,6,115,63,0,5,29,0,9,38
12,0,0,21,1,4,0,21,28,7
12,1,24,21,0,7,24,0,5,29
12,2,31,21,0,12,7,0,6,13
12,3,104,21,0,1,73,0,4,77
13,0,0,24,1,5,0,24,32,8
13,1,27,24,0,5,27,0,1,28
13,2,27,46,1,6,0,22,30,8
13,3,38,46,0,4,11,0,8,19
13,4,38,71,1,4,0,25,32,7
13,5,69,71,0,3,31,0,3,34
13,6,91,71,0,4,22,0,1,23
13,7,95,71,0,4,4,0,10,14
13,8,111,71,0,15,16,0,6,22
14,0,36,0,0,5,36,0,2,38
14,1,36,16,1,9,0,16,26,10
14,2,78,16,0,7,42,0,7,49
14,3,92,16,0,6,14,0,10,24
14,4,92,78,1,5,0,62,67,5
14,5,92,92,1,13,0,14,23,9
14,6,92,161,1,3,0,69,75,6
15,0,0,17,1,5,0,17,27,10
15,1,5,17,0,4,5,0,6,11
15,2,22,17,0,7,17,0,9,26
15,3,48,17,0,6,26,0,5,31
15,4,53,17,0,10,5,0,7,12
15,5,53,46,1,6,0,29,39,10
15,6,68,46,0,7,15,0,10,25
15,7,68,56,1,11,0,10,13,3
15,8,119,56,0,9,51,0,0,26
16,0,19,0,0,5,19,0,7,26
16,1,19,8,1,10,0,8,17,9
16,2,39,8,0,7,20,0,1,21
16,3,39,14,1,6,0,6,15,9
16,4,60,14,0,7,21,0,1,22
16,5,63,14,0,7,3,0,8,11
16,6,80,14,0,4,17,0,5,22
16,7,80,86,1,9,0,72,47,0
16,8,80,101,1,2,0,15,23,8
17,0,27,0,0,2,27,0,10,37
17,1,27,12,1,8,0,12,14,2
17,2,51,12,0,2,24,0,4,28
17,3,51,63,1,3,0,51,58,7
17,4,51,77,1,6,0,14,17,3
17,5,59,77,0,11,8,0,10,18
17,6,80,77,0,4,21,0,8,29
17,7,80,131,1,5,0,54,61,7
18,0,8,0,0,11,8,0,8,16
18,1,8,34,1,6,0,34,40,6
18,2,15,34,0,8,7,0,7,14
18,3,53,34,0,9,38,0,0,13
18,4,53,55,1,7,0,21,28,7
18,5,68,55,0,5,15,0,7,22
18,6,68,75,1,5,0,20,28,8
18,7,68,80,1,6,0,5,14,9
18,8,68,107,1,4,0,27,37,10
19,0,53,0,0,3,53,0,8,61
19,1,83,0,0,6,30,0,5,35
19,2,83,7,1,6,0,7,14,7
19,3,97,7,0,12,14,0,2,16
19,4,121,7,0,7,24,0,10,34