Game,Round,P0 Score,P1 Score,Winner,Turns,P0 Win,P1 Win,P0 Deadwood,P1 Deadwood
0,0,0,25,1,5,0,25,34,9
0,1,0,44,1,9,0,19,26,7
0,2,0,52,1,4,0,8,17,9
0,3,0,83,1,12,0,31,37,6
0,4,15,83,0,7,15,0,1,16
0,5,23,83,0,8,8,0,8,16
0,6,53,83,0,7,30,0,2,32
0,7,53,100,1,10,0,17,26,9
1,0,21,0,0,6,21,0,10,31
1,1,32,0,0,5,11,0,10,21
1,2,82,0,0,6,50,0,0,25
1,3,82,30,1,5,0,30,38,8
1,4,105,30,0,5,23,0,6,29
2,0,35,0,0,2,35,0,7,42
2,1,35,12,1,11,0,12,20,8
2,2,81,12,0,2,46,0,8,54
2,3,81,37,1,4,0,25,35,10
2,4,96,37,0,7,15,0,9,24
2,5,131,37,0,5,35,0,1,36
3,0,12,0,0,8,12,0,10,22
3,1,12,28,1,4,0,28,38,10
3,2,12,67,1,4,0,39,46,7
3,3,14,67,0,5,2,0,10,12
3,4,32,67,0,7,18,0,5,23
3,5,45,67,0,8,13,0,7,20
3,6,57,67,0,8,12,0,9,21
3,7,67,67,0,8,10,0,10,20
3,8,85,67,0,12,18,0,10,28
3,9,85,105,1,7,0,38,40,2
4,0,7,0,0,8,7,0,6,13
4,1,7,17,1,6,0,17,26,9
4,2,7,21,1,8,0,4,11,7
4,3,10,21,0,7,3,0,9,12
4,4,24,21,0,10,14,0,7,21
4,5,42,21,0,8,18,0,4,22
4,6,42,25,1,8,0,4,14,10
4,7,42,42,1,5,0,17,27,10
4,8,69,42,0,3,27,0,5,32
4,9,69,64,1,2,0,22,24,2
4,10,69,80,1,6,0,16,26,10
4,11,69,94,1,8,0,14,24,10
4,12,69,113,1,6,0,19,28,9
5,0,0,21,1,6,0,21,22,1
5,1,31,21,0,5,31,0,10,41
5,2,67,21,0,10,36,0,0,11
5,3,67,26,1,8,0,5,12,7
5,4,79,26,0,12,12,0,10,22
5,5,98,26,0,3,19,0,10,29
5,6,161,26,0,3,63,0,0,38
6,0,23,0,0,4,23,0,10,33
6,1,51,0,0,6,28,0,1,29
6,2,72,0,0,9,21,0,9,30
6,3,90,0,0,6,18,0,10,28
6,4,90,17,1,8,0,17,25,8
6,5,90,51,1,8,0,34,42,8
6,6,100,51,0,5,10,0,7,17
7,0,58,0,0,3,58,0,4,62
7,1,58,45,1,7,0,45,52,7
7,2,58,49,1,10,0,4,12,8
7,3,58,95,1,3,0,46,47,1
7,4,58,125,1,7,0,30,40,10
8,0,0,12,1,10,0,12,22,10
8,1,5,12,0,6,5,0,7,12
8,2,22,12,0,6,17,0,2,19
8,3,22,25,1,7,0,13,15,2
8,4,41,25,0,5,19,0,9,28
8,5,41,37,1,5,0,12,21,9
8,6,65,37,0,5,24,0,1,25
8,7,83,37,0,7,18,0,9,27
8,8,83,59,1,7,0,22,29,7
8,9,93,59,0,6,10,0,9,19
8,10,93,81,1,4,0,22,32,10
8,11,134,81,0,7,41,0,1,42
9,0,48,0,0,7,48,0,0,23
9,1,48,22,1,7,0,22,32,10
9,2,48,38,1,5,0,16,20,4
9,3,48,61,1,7,0,23,29,6
9,4,48,68,1,2,0,7,17,10
9,5,53,68,0,8,5,0,7,12
9,6,61,68,0,7,8,0,7,15
9,7,61,128,1,5,0,60,67,7
10,0,0,24,1,9,0,24,26,2
10,1,0,30,1,17,0,6,11,5
10,2,19,30,0,8,19,0,8,27
10,3,29,30,0,6,10,0,10,20
10,4,29,37,1,6,0,7,17,10
10,5,35,37,0,4,6,0,6,12
10,6,35,58,1,7,0,21,29,8
10,7,35,77,1,9,0,19,20,1
10,8,81,77,0,3,46,0,7,53
10,9,102,77,0,6,21,0,8,29
11,0,4,0,0,4,4,0,8,12
11,1,11,0,0,7,7,0,7,14
11,2,32,0,0,6,21,0,10,31
11,3,32,26,1,4,0,26,36,10
11,4,32,53,1,5,0,27,37,10
11,5,38,53,0,10,6,0,6,12
11,6,51,53,0,8,13,0,3,16
11,7,51,54,1,10,0,1,11,10
11,8,51,66,1,8,0,12,20,8
11,9,51,81,1,10,0,15,19,4
11,10,51,89,1,8,0,8,17,9
11,11,79,89,0,5,28,0,9,37
11,12,100,89,0,9,21,0,1,22
12,0,32,0,0,6,32,0,3,35
12,1,32,15,1,12,0,15,21,6
12,2,70,15,0,5,38,0,0,13
12,3,82,15,0,6,12,0,1,13
12,4,105,15,0,7,23,0,6,29
13,0,0,38,1,5,0,38,46,8
13,1,0,71,1,2,0,33,43,10
13,2,40,71,0,4,40,0,8,48
13,3,76,71,0,3,36,0,2,38
13,4,76,119,1,5,0,48,56,8
14,0,0,42,1,5,0,42,47,5
14,1,6,42,0,5,6,0,5,11
14,2,36,42,0,7,30,0,4,34
14,3,36,70,1,6,0,28,37,9
14,4,46,70,0,13,10,0,2,12
14,5,65,70,0,4,19,0,1,20
14,6,69,70,0,6,4,0,10,14
14,7,72,70,0,7,3,0,9,12
14,8,72,110,1,5,0,40,15,0
15,0,31,0,0,5,31,0,10,41
15,1,31,29,1,6,0,29,37,8
15,2,31,39,1,9,0,10,12,2
15,3,31,94,1,4,0,55,57,2
15,4,70,94,0,2,39,0,9,48
15,5,75,94,0,9,5,0,7,12
15,6,130,94,0,2,55,0,0,30
16,0,0,20,1,9,0,20,27,7
16,1,12,20,0,6,12,0,4,16
16,2,71,20,0,3,59,0,2,61
16,3,83,20,0,6,12,0,2,14
16,4,95,20,0,7,12,0,7,19
16,5,95,49,1,5,0,29,35,6
16,6,95,63,1,5,0,14,21,7
16,7,95,93,1,9,0,30,38,8
16,8,95,115,1,2,0,22,30,8
17,0,20,0,0,5,20,0,8,28
17,1,26,0,0,6,6,0,7,13
17,2,31,0,0,10,5,0,10,15
17,3,31,25,1,4,0,25,33,8
17,4,31,48,1,7,0,23,26,3
17,5,31,79,1,9,0,31,41,10
17,6,31,87,1,7,0,8,12,4
17,7,31,98,1,12,0,11,14,3
17,8,31,147,1,6,0,49,52,3
18,0,8,0,0,6,8,0,6,14
18,1,8,8,1,8,0,8,16,8
18,2,21,8,0,7,13,0,6,19
18,3,21,9,1,6,0,1,11,10
18,4,32,9,0,11,11,0,10,21
18,5,32,35,1,5,0,26,34,8
18,6,47,35,0,6,15,0,5,20
18,7,53,35,0,5,6,0,5,11
18,8,53,72,1,11,0,37,46,9
18,9,53,97,1,6,0,25,33,8
18,10,53,121,1,8,0,24,32,8
19,0,16,0,0,11,16,0,8,24
19,1,16,9,1,9,0,9,17,8
19,2,16,68,1,1,0,59,60,1
19,3,16,84,1,3,0,16,24,8
19,4,32,84,0,6,16,0,4,20
19,5,32,114,1,6,0,30,39,9
20,0,0,27,1,8,0,27,34,7
20,1,8,27,0,8,8,0,4,12
20,2,12,27,0,9,4,0,10,14
20,3,12,33,1,8,0,6,16,10
20,4,12,64,1,1,0,31,39,8
20,5,59,64,0,10,47,0,0,22
20,6,59,118,1,1,0,54,64,10
21,0,7,0,0,8,7,0,8,15
21,1,28,0,0,6,21,0,9,30
21,2,32,0,0,5,4,0,10,14
21,3,32,31,1,6,0,31,32,1
21,4,61,31,0,6,29,0,8,37
21,5,61,87,1,5,0,56,64,8
21,6,61,102,1,4,0,15,25,10
22,0,0,15,1,9,0,15,22,7
22,1,0,35,1,8,0,20,21,1
22,2,0,48,1,6,0,13,21,8
22,3,0,72,1,7,0,24,32,8
22,4,10,72,0,10,10,0,9,19
22,5,30,72,0,8,20,0,1,21
22,6,77,72,0,6,47,0,8,55
22,7,83,72,0,7,6,0,9,15
22,8,83,130,1,3,0,58,60,2
23,0,0,57,1,5,0,57,59,2
23,1,0,70,1,6,0,13,18,5
23,2,0,87,1,3,0,17,26,9
23,3,38,87,0,5,38,0,5,43
23,4,38,136,1,3,0,49,58,9
24,0,0,12,1,3,0,12,22,10
24,1,18,12,0,7,18,0,2,20
24,2,51,12,0,5,33,0,6,39
24,3,52,12,0,6,1,0,10,11
24,4,74,12,0,5,22,0,7,29
24,5,79,12,0,6,5,0,10,15
24,6,79,44,1,9,0,32,35,3
24,7,88,44,0,5,9,0,5,14
24,8,115,44,0,4,27,0,9,36
,,,basci,97,,Total,202,,
,,,MCTS,105,,,,,
