Game,Round,P0 Score,P1 Score,Winner,Turns,P0 Win,P1 Win,P0 Deadwood,P1 Deadwood
0,0,0,25,1,5,0,25,34,9
0,1,0,41,1,10,0,16,23,7
0,2,4,41,0,8,4,0,8,12
0,3,9,41,0,10,5,0,8,13
0,4,44,41,0,4,35,0,1,36
0,5,60,41,0,6,16,0,2,18
0,6,60,51,1,8,0,10,17,7
0,7,60,69,1,8,0,18,26,8
0,8,77,69,0,5,17,0,9,26
0,9,77,86,1,8,0,17,27,10
0,10,77,115,1,4,0,29,38,9
1,0,0,4,1,8,0,4,13,9
1,1,11,4,0,5,11,0,10,21
1,2,11,12,1,5,0,8,18,10
1,3,27,12,0,9,16,0,4,20
1,4,60,12,0,9,33,0,6,39
1,5,78,12,0,12,18,0,1,19
1,6,123,12,0,4,45,0,10,55
2,0,35,0,0,2,35,0,7,42
2,1,35,7,1,11,0,7,15,8
2,2,63,7,0,4,28,0,7,35
2,3,63,35,1,3,0,28,38,10
2,4,63,79,1,3,0,44,52,8
2,5,85,79,0,5,22,0,2,24
2,6,90,79,0,5,5,0,10,15
2,7,97,79,0,9,7,0,6,13
2,8,97,85,1,4,0,6,13,7
2,9,100,85,0,13,3,0,9,12
3,0,23,0,0,5,23,0,10,33
3,1,23,54,1,4,0,54,64,10
3,2,23,86,1,4,0,32,41,9
3,3,23,94,1,8,0,8,11,3
3,4,45,94,0,5,22,0,6,28
3,5,49,94,0,8,4,0,10,14
3,6,52,94,0,8,3,0,8,11
3,7,52,115,1,8,0,21,31,10
4,0,15,0,0,7,15,0,7,22
4,1,15,18,1,6,0,18,27,9
4,2,15,29,1,7,0,11,20,9
4,3,30,29,0,5,15,0,1,16
4,4,30,41,1,8,0,12,22,10
4,5,62,41,0,9,32,0,6,38
4,6,97,41,0,5,35,0,9,44
4,7,97,96,1,3,0,55,64,9
4,8,124,96,0,3,27,0,5,32
5,0,36,0,0,10,36,0,0,11
5,1,40,0,0,7,4,0,7,11
5,2,78,0,0,11,38,0,0,13
5,3,90,0,0,5,12,0,9,21
5,4,90,5,1,12,0,5,11,6
5,5,90,20,1,10,0,15,20,5
5,6,117,20,0,6,27,0,9,36
6,0,0,10,1,4,0,10,11,1
6,1,32,10,0,9,32,0,8,40
6,2,43,10,0,7,11,0,1,12
6,3,63,10,0,7,20,0,4,24
6,4,63,29,1,8,0,19,29,10
6,5,72,29,0,12,9,0,9,18
6,6,72,38,1,7,0,9,18,9
6,7,72,51,1,7,0,13,23,10
6,8,80,51,0,6,8,0,10,18
6,9,125,51,0,4,45,0,5,50
7,0,58,0,0,3,58,0,4,62
7,1,58,22,1,9,0,22,32,10
7,2,67,22,0,8,9,0,3,12
7,3,67,49,1,3,0,27,37,10
7,4,67,76,1,4,0,27,30,3
7,5,100,76,0,5,33,0,1,34
8,0,9,0,0,9,9,0,2,11
8,1,24,0,0,5,15,0,1,16
8,2,24,13,1,10,0,13,22,9
8,3,36,13,0,6,12,0,3,15
8,4,36,23,1,7,0,10,16,6
8,5,36,26,1,7,0,3,11,8
8,6,36,36,1,8,0,10,19,9
8,7,36,54,1,9,0,18,20,2
8,8,36,63,1,7,0,9,18,9
8,9,60,63,0,6,24,0,8,32
8,10,60,84,1,7,0,21,29,8
8,11,60,88,1,8,0,4,13,9
8,12,60,90,1,11,0,2,11,9
8,13,60,104,1,9,0,14,21,7
9,0,45,0,0,6,45,0,0,20
9,1,49,0,0,8,4,0,8,12
9,2,49,42,1,8,0,42,52,10
9,3,49,66,1,9,0,24,33,9
9,4,49,68,1,2,0,2,12,10
9,5,61,68,0,4,12,0,7,19
9,6,61,78,1,5,0,10,13,3
9,7,61,100,1,5,0,22,24,2
10,0,0,20,1,3,0,20,25,5
10,1,21,20,0,8,21,0,9,30
10,2,21,25,1,9,0,5,15,10
10,3,21,38,1,7,0,13,23,10
10,4,21,58,1,7,0,20,29,9
10,5,30,58,0,5,9,0,3,12
10,6,30,70,1,9,0,12,20,8
10,7,74,70,0,7,44,0,1,45
10,8,120,70,0,3,46,0,7,53
11,0,4,0,0,4,4,0,10,14
11,1,4,9,1,9,0,9,17,8
11,2,24,9,0,8,20,0,3,23
11,3,24,34,1,7,0,25,31,6
11,4,24,50,1,5,0,16,21,5
11,5,50,50,0,6,26,0,5,31
11,6,58,50,0,7,8,0,3,11
11,7,58,68,1,11,0,18,26,8
11,8,58,103,1,6,0,35,41,6
12,0,45,0,0,6,45,0,3,48
12,1,45,15,1,7,0,15,22,7
12,2,61,15,0,5,16,0,6,22
12,3,61,24,1,11,0,9,17,8
12,4,85,24,0,4,24,0,10,34
12,5,85,66,1,8,0,42,46,4
12,6,109,66,0,6,24,0,8,32
13,0,0,31,1,7,0,31,39,8
13,1,0,64,1,2,0,33,43,10
13,2,52,64,0,3,52,0,7,59
13,3,109,64,0,4,57,0,2,59
14,0,0,7,1,7,0,7,12,5
14,1,0,36,1,7,0,29,32,3
14,2,37,36,0,5,37,0,7,44
14,3,44,36,0,6,7,0,6,13
14,4,44,88,1,9,0,52,53,1
14,5,44,108,1,12,0,20,30,10
15,0,13,0,0,4,13,0,4,17
15,1,13,36,1,6,0,36,44,8
15,2,13,62,1,9,0,26,34,8
15,3,21,62,0,7,8,0,7,15
15,4,60,62,0,2,39,0,9,48
15,5,76,62,0,7,16,0,8,24
15,6,131,62,0,2,55,0,0,30
16,0,14,0,0,7,14,0,1,15
16,1,29,0,0,5,15,0,7,22
16,2,52,0,0,10,23,0,7,30
16,3,52,1,1,9,0,1,11,10
16,4,52,33,1,7,0,32,36,4
16,5,52,80,1,2,0,47,56,9
16,6,52,108,1,3,0,28,35,7
17,0,13,0,0,9,13,0,10,23
17,1,13,19,1,5,0,19,27,8
17,2,13,25,1,8,0,6,16,10
17,3,13,57,1,6,0,32,33,1
17,4,28,57,0,12,15,0,1,16
17,5,28,73,1,8,0,16,20,4
17,6,35,73,0,12,7,0,8,15
17,7,51,73,0,12,16,0,6,22
17,8,51,82,1,12,0,9,13,4
17,9,106,82,0,6,55,0,3,58
18,0,28,0,0,5,28,0,6,34
18,1,77,0,0,8,49,0,0,24
18,2,77,18,1,5,0,18,26,8
18,3,77,28,1,13,0,10,18,8
18,4,77,42,1,6,0,14,23,9
18,5,77,56,1,5,0,14,23,9
18,6,77,68,1,5,0,12,17,5
18,7,77,96,1,4,0,28,35,7
18,8,83,96,0,7,6,0,6,12
18,9,83,130,1,7,0,34,39,5
19,0,28,0,0,8,28,0,2,30
19,1,57,0,0,3,29,0,6,35
19,2,57,59,1,1,0,59,60,1
19,3,57,83,1,2,0,24,32,8
19,4,73,83,0,6,16,0,7,23
19,5,73,98,1,9,0,15,19,4
19,6,132,98,0,1,59,0,10,69
20,0,0,9,1,5,0,9,19,10
20,1,23,9,0,4,23,0,7,30
20,2,23,32,1,6,0,23,25,2
20,3,23,47,1,6,0,15,21,6
20,4,23,68,1,5,0,21,24,3
20,5,59,68,0,11,36,0,5,41
20,6,59,130,1,1,0,62,72,10
21,0,0,13,1,7,0,13,21,8
21,1,0,17,1,11,0,4,11,7
21,2,44,17,0,4,44,0,2,46
21,3,44,26,1,10,0,9,18,9
21,4,63,26,0,7,19,0,10,29
21,5,63,63,1,6,0,37,47,10
21,6,63,88,1,3,0,25,35,10
21,7,63,108,1,5,0,20,29,9
22,0,0,11,1,6,0,11,20,9
22,1,34,11,0,4,34,0,10,44
22,2,37,11,0,9,3,0,8,11
22,3,60,11,0,4,23,0,10,33
22,4,118,11,0,8,58,0,0,33
23,0,0,55,1,5,0,55,62,7
23,1,18,55,0,5,18,0,3,21
23,2,18,82,1,2,0,27,33,6
23,3,28,82,0,10,10,0,1,11
23,4,28,128,1,5,0,46,54,8
24,0,0,1,1,8,0,1,11,10
24,1,23,1,0,6,23,0,2,25
24,2,51,1,0,5,28,0,10,38
24,3,79,1,0,4,28,0,10,38
24,4,101,1,0,5,22,0,7,29