Game,Round,P0 Score,P1 Score,Winner,Turns,P0 Win,P1 Win,P0 Deadwood,P1 Deadwood
0,0,0,37,1,3,0,37,46,9
0,1,14,37,0,9,14,0,1,15
0,2,14,41,1,7,0,4,12,8
0,3,14,51,1,8,0,10,14,4
0,4,20,51,0,9,6,0,6,12
0,5,32,51,0,11,12,0,2,14
0,6,54,51,0,9,22,0,3,25
0,7,59,51,0,11,5,0,6,11
0,8,59,61,1,6,0,10,15,5
0,9,59,90,1,9,0,29,38,9
0,10,117,90,0,4,58,0,10,68
1,0,32,0,0,7,32,0,4,36
1,1,32,36,1,6,0,36,11,0
1,2,40,36,0,5,8,0,3,11
1,3,40,104,1,4,0,68,43,0
2,0,6,0,0,6,6,0,8,14
2,1,6,33,1,2,0,33,42,9
2,2,51,33,0,3,45,0,8,53
2,3,51,84,1,4,0,51,57,6
2,4,51,96,1,9,0,12,19,7
2,5,84,96,0,3,33,0,2,35
2,6,84,119,1,6,0,23,31,8
3,0,20,0,0,8,20,0,9,29
3,1,20,46,1,3,0,46,50,4
3,2,44,46,0,8,24,0,2,26
3,3,44,89,1,5,0,43,52,9
3,4,68,89,0,9,24,0,8,32
3,5,68,131,1,5,0,42,45,3
4,0,39,0,0,6,39,0,7,46
4,1,39,19,1,7,0,19,29,10
4,2,39,26,1,9,0,7,14,7
4,3,48,26,0,3,9,0,5,14
4,4,48,34,1,5,0,8,13,5
4,5,103,34,0,3,55,0,7,62
5,0,0,19,1,9,0,19,20,1
5,1,45,19,0,7,45,0,4,49
5,2,45,33,1,5,0,14,20,6
5,3,45,91,1,3,0,58,65,7
5,4,45,118,1,8,0,27,28,1
6,0,0,7,1,8,0,7,13,6
6,1,0,23,1,6,0,16,21,5
6,2,0,24,1,10,0,1,11,10
6,3,33,24,0,5,33,0,7,40
6,4,33,47,1,3,0,23,30,7
6,5,33,70,1,10,0,23,28,5
6,6,45,70,0,7,12,0,6,18
6,7,45,98,1,8,0,28,36,8
6,8,45,115,1,4,0,17,27,10
7,0,0,9,1,9,0,9,16,7
7,1,34,9,0,6,34,0,9,43
7,2,34,38,1,4,0,29,31,2
7,3,34,46,1,8,0,8,12,4
7,4,59,46,0,3,25,0,10,35
7,5,59,62,1,14,0,16,25,9
7,6,96,62,0,7,37,0,7,44
7,7,96,64,1,12,0,2,11,9
7,8,134,64,0,6,38,0,7,45
8,0,18,0,0,12,18,0,9,27
8,1,39,0,0,7,21,0,7,28
8,2,97,0,0,6,58,0,7,65
8,3,97,16,1,8,0,16,22,6
8,4,114,16,0,5,17,0,9,26
9,0,0,24,1,6,0,24,34,10
9,1,0,49,1,13,0,25,35,10
9,2,27,49,0,7,27,0,1,28
9,3,78,49,0,3,51,0,7,58
9,4,78,92,1,1,0,43,53,10
9,5,78,146,1,3,0,54,58,4
10,0,0,41,1,6,0,41,16,0
10,1,5,41,0,11,5,0,7,12
10,2,40,41,0,9,35,0,4,39
10,3,66,41,0,10,26,0,5,31
10,4,78,41,0,5,12,0,10,22
10,5,86,41,0,7,8,0,9,17
10,6,86,56,1,6,0,15,25,10
10,7,86,83,1,5,0,27,36,9
10,8,141,83,0,3,55,0,6,61
11,0,0,11,1,7,0,11,19,8
11,1,39,11,0,5,39,0,7,46
11,2,76,11,0,6,37,0,8,45
11,3,76,30,1,7,0,19,28,9
11,4,112,30,0,4,36,0,9,45
12,0,0,20,1,5,0,20,27,7
12,1,0,39,1,2,0,19,26,7
12,2,31,39,0,2,31,0,10,41
12,3,52,39,0,5,21,0,9,30
12,4,55,39,0,12,3,0,9,12
12,5,86,39,0,10,31,0,8,39
12,6,86,45,1,9,0,6,13,7
12,7,86,52,1,5,0,7,15,8
12,8,102,52,0,6,16,0,7,23
13,0,9,0,0,10,9,0,3,12
13,1,9,33,1,2,0,33,43,10
13,2,9,48,1,5,0,15,25,10
13,3,9,60,1,8,0,12,15,3
13,4,29,60,0,14,20,0,9,29
13,5,72,60,0,3,43,0,9,52
13,6,111,60,0,7,39,0,9,48
14,0,0,25,1,6,0,25,32,7
14,1,0,39,1,9,0,14,21,7
14,2,17,39,0,8,17,0,10,27
14,3,17,100,1,2,0,61,36,0
15,0,4,0,0,6,4,0,8,12
15,1,4,8,1,7,0,8,16,8
15,2,4,16,1,7,0,8,11,3
15,3,4,30,1,5,0,14,22,8
15,4,4,46,1,5,0,16,24,8
15,5,4,72,1,6,0,26,33,7
15,6,37,72,0,6,33,0,10,43
15,7,48,72,0,9,11,0,7,18
15,8,52,72,0,7,4,0,10,14
15,9,52,84,1,6,0,12,13,1
15,10,52,91,1,9,0,7,16,9
15,11,52,105,1,12,0,14,21,7
16,0,9,0,0,6,9,0,9,18
16,1,9,49,1,5,0,49,24,0
16,2,72,49,0,3,63,0,9,72
16,3,72,99,1,6,0,50,25,0
16,4,101,99,0,7,29,0,7,36
17,0,0,17,1,7,0,17,19,2
17,1,35,17,0,8,35,0,7,42
17,2,65,17,0,6,30,0,9,39
17,3,81,17,0,6,16,0,9,25
17,4,89,17,0,7,8,0,9,17
17,5,89,37,1,6,0,20,28,8
17,6,89,49,1,16,0,12,21,9
17,7,89,60,1,9,0,11,18,7
17,8,89,65,1,8,0,5,14,9
17,9,89,97,1,7,0,32,38,6
17,10,105,97,0,10,16,0,4,20
18,0,0,12,1,7,0,12,13,1
18,1,0,32,1,4,0,20,27,7
18,2,53,32,0,6,53,0,0,28
18,3,65,32,0,6,12,0,7,19
18,4,65,38,1,8,0,6,12,6
18,5,65,75,1,8,0,37,12,0
18,6,65,80,1,4,0,5,14,9
18,7,84,80,0,5,19,0,5,24
18,8,84,141,1,4,0,61,70,9
19,0,9,0,0,8,9,0,2,11
19,1,9,10,1,8,0,10,16,6
19,2,19,10,0,7,10,0,8,18
19,3,33,10,0,3,14,0,8,22
19,4,33,25,1,6,0,15,23,8
19,5,33,61,1,8,0,36,11,0
19,6,60,61,0,7,27,0,8,35
19,7,98,61,0,6,38,0,6,44
19,8,104,61,0,12,6,0,6,12
20,0,0,13,1,8,0,13,17,4
20,1,36,13,0,8,36,0,6,42
20,2,74,13,0,4,38,0,4,42
20,3,83,13,0,7,9,0,6,15
20,4,83,44,1,1,0,31,39,8
20,5,83,65,1,6,0,21,23,2
20,6,83,125,1,2,0,60,68,8
21,0,31,0,0,12,31,0,1,32
21,1,48,0,0,7,17,0,6,23
21,2,62,0,0,3,14,0,8,22
21,3,62,19,1,4,0,19,27,8
21,4,62,58,1,6,0,39,48,9
21,5,62,65,1,9,0,7,17,10
21,6,67,65,0,5,5,0,7,12
21,7,67,92,1,5,0,27,36,9
21,8,68,92,0,8,1,0,10,11
21,9,68,109,1,8,0,17,25,8
22,0,0,56,1,5,0,56,31,0
22,1,0,87,1,9,0,31,36,5
22,2,0,104,1,4,0,17,22,5
23,0,16,0,0,8,16,0,7,23
23,1,16,43,1,2,0,43,53,10
23,2,16,64,1,2,0,21,29,8
23,3,16,72,1,5,0,8,13,5
23,4,27,72,0,8,11,0,10,21
23,5,27,106,1,7,0,34,37,3
24,0,7,0,0,10,7,0,10,17
24,1,60,0,0,5,53,0,0,28
24,2,104,0,0,3,44,0,9,53