Game,Round,P0 Score,P1 Score,Winner,Turns,P0 Win,P1 Win,P0 Deadwood,P1 Deadwood
0,0,0,37,1,3,0,37,46,9
0,1,0,68,1,3,0,31,39,8
0,2,0,85,1,5,0,17,18,1
0,3,9,85,0,6,9,0,4,13
0,4,9,104,1,9,0,19,26,7
1,0,54,0,0,6,54,0,9,63
1,1,54,12,1,10,0,12,20,8
1,2,81,12,0,5,27,0,8,35
1,3,81,80,1,4,0,68,43,0
1,4,90,80,0,10,9,0,5,14
1,5,124,80,0,6,34,0,8,42
2,0,41,0,0,2,41,0,9,50
2,1,41,55,1,2,0,55,59,4
2,2,88,55,0,3,47,0,8,55
2,3,88,76,1,7,0,21,30,9
2,4,88,116,1,6,0,40,41,1
3,0,0,5,1,10,0,5,14,9
3,1,0,52,1,3,0,47,57,10
3,2,0,66,1,9,0,14,23,9
3,3,0,107,1,5,0,41,44,3
4,0,42,0,0,7,42,0,8,50
4,1,42,17,1,9,0,17,22,5
4,2,42,25,1,8,0,8,15,7
4,3,49,25,0,4,7,0,5,12
4,4,70,25,0,4,21,0,7,28
4,5,82,25,0,8,12,0,6,18
4,6,89,25,0,8,7,0,10,17
4,7,89,47,1,4,0,22,31,9
4,8,155,47,0,4,66,0,1,67
5,0,32,0,0,9,32,0,2,34
5,1,49,0,0,7,17,0,10,27
5,2,49,9,1,6,0,9,12,3
5,3,49,29,1,7,0,20,24,4
5,4,49,51,1,9,0,22,23,1
5,5,68,51,0,3,19,0,10,29
5,6,107,51,0,7,39,0,5,44
6,0,14,0,0,5,14,0,9,23
6,1,65,0,0,4,51,0,0,26
6,2,79,0,0,10,14,0,7,21
6,3,109,0,0,4,30,0,10,40
7,0,0,21,1,5,0,21,28,7
7,1,0,54,1,6,0,33,42,9
7,2,0,59,1,7,0,5,12,7
7,3,0,87,1,2,0,28,37,9
7,4,22,87,0,4,22,0,10,32
7,5,22,106,1,9,0,19,26,7
8,0,0,11,1,9,0,11,20,9
8,1,0,15,1,5,0,4,14,10
8,2,59,15,0,5,59,0,2,61
8,3,65,15,0,8,6,0,9,15
8,4,88,15,0,5,23,0,9,32
8,5,111,15,0,3,23,0,7,30
9,0,6,0,0,9,6,0,9,15
9,1,28,0,0,6,22,0,8,30
9,2,28,20,1,7,0,20,26,6
9,3,84,20,0,5,56,0,7,63
9,4,84,63,1,1,0,43,53,10
9,5,89,63,0,11,5,0,8,13
9,6,89,81,1,4,0,18,26,8
9,7,89,94,1,7,0,13,23,10
9,8,89,120,1,6,0,26,33,7
10,0,0,9,1,6,0,9,19,10
10,1,4,9,0,10,4,0,9,13
10,2,4,30,1,7,0,21,22,1
10,3,47,30,0,6,43,0,0,18
10,4,47,36,1,5,0,6,15,9
10,5,56,36,0,6,9,0,3,12
10,6,56,49,1,7,0,13,20,7
10,7,56,75,1,4,0,26,35,9
10,8,109,75,0,3,53,0,9,62
11,0,31,0,0,4,31,0,7,38
11,1,31,41,1,6,0,41,16,0
11,2,47,41,0,10,16,0,8,24
11,3,50,41,0,7,3,0,10,13
11,4,92,41,0,6,42,0,8,50
11,5,92,68,1,4,0,27,29,2
11,6,92,78,1,5,0,10,18,8
11,7,92,97,1,8,0,19,24,5
11,8,92,136,1,6,0,39,14,0
12,0,0,19,1,4,0,19,28,9
12,1,0,35,1,7,0,16,23,7
12,2,31,35,0,2,31,0,10,41
12,3,49,35,0,4,18,0,9,27
12,4,49,60,1,5,0,25,30,5
12,5,49,83,1,13,0,23,25,2
12,6,85,83,0,3,36,0,9,45
12,7,85,89,1,11,0,6,16,10
12,8,85,101,1,6,0,12,13,1
13,0,8,0,0,9,8,0,9,17
13,1,8,33,1,2,0,33,43,10
13,2,61,33,0,3,53,0,7,60
13,3,101,33,0,6,40,0,2,42
14,0,0,25,1,5,0,25,32,7
14,1,6,25,0,11,6,0,8,14
14,2,25,25,0,7,19,0,10,29
14,3,36,25,0,7,11,0,7,18
14,4,36,63,1,5,0,38,47,9
14,5,59,63,0,4,23,0,8,31
14,6,59,87,1,5,0,24,30,6
14,7,68,87,0,10,9,0,8,17
14,8,71,87,0,9,3,0,10,13
14,9,76,87,0,6,5,0,9,14
14,10,88,87,0,6,12,0,4,16
14,11,88,99,1,6,0,12,14,2
14,12,88,117,1,5,0,18,28,10
15,0,0,12,1,10,0,12,19,7
15,1,0,30,1,6,0,18,26,8
15,2,4,30,0,9,4,0,10,14
15,3,4,66,1,3,0,36,42,6
15,4,4,76,1,8,0,10,11,1
15,5,14,76,0,5,10,0,7,17
15,6,42,76,0,6,28,0,9,37
15,7,42,85,1,13,0,9,17,8
15,8,76,85,0,7,34,0,8,42
15,9,76,100,1,5,0,15,25,10
16,0,2,0,0,5,2,0,9,11
16,1,66,0,0,7,64,0,4,68
16,2,79,0,0,8,13,0,2,15
16,3,89,0,0,7,10,0,8,18
16,4,118,0,0,6,29,0,7,36
17,0,0,11,1,10,0,11,12,1
17,1,0,17,1,8,0,6,15,9
17,2,0,46,1,3,0,29,37,8
17,3,0,60,1,7,0,14,22,8
17,4,0,89,1,4,0,29,39,10
17,5,7,89,0,4,7,0,10,17
17,6,7,112,1,6,0,23,32,9
18,0,18,0,0,5,18,0,9,27
18,1,18,7,1,6,0,7,15,8
18,2,18,17,1,7,0,10,19,9
18,3,18,27,1,7,0,10,11,1
18,4,18,35,1,7,0,8,17,9
18,5,18,53,1,4,0,18,26,8
18,6,18,61,1,12,0,8,16,8
18,7,41,61,0,4,23,0,9,32
18,8,41,109,1,6,0,48,58,10
19,0,9,0,0,8,9,0,2,11
19,1,34,0,0,4,25,0,7,32
19,2,34,7,1,6,0,7,15,8
19,3,39,7,0,4,5,0,10,15
19,4,63,7,0,6,24,0,2,26
19,5,63,13,1,9,0,6,13,7
19,6,123,13,0,2,60,0,10,70
20,0,20,0,0,8,20,0,3,23
20,1,62,0,0,4,42,0,6,48
20,2,84,0,0,4,22,0,10,32
20,3,84,30,1,3,0,30,39,9
20,4,84,61,1,1,0,31,39,8
20,5,84,74,1,6,0,13,22,9
20,6,84,134,1,2,0,60,68,8
21,0,0,41,1,6,0,41,48,7
21,1,11,41,0,8,11,0,6,17
21,2,29,41,0,4,18,0,9,27
21,3,29,60,1,4,0,19,27,8
21,4,29,82,1,7,0,22,28,6
21,5,29,121,1,6,0,39,43,4
22,0,0,50,1,5,0,50,25,0
22,1,10,50,0,11,10,0,2,12
22,2,24,50,0,6,14,0,3,17
22,3,24,70,1,8,0,20,22,2
22,4,24,91,1,7,0,21,24,3
22,5,45,91,0,5,21,0,9,30
22,6,45,140,1,4,0,49,59,10
23,0,0,5,1,9,0,5,12,7
23,1,0,41,1,4,0,36,45,9
23,2,0,62,1,2,0,21,29,8
23,3,0,126,1,5,0,64,39,0
24,0,0,19,1,7,0,19,27,8
24,1,0,28,1,13,0,9,17,8
24,2,40,28,0,4,40,0,6,46
24,3,56,28,0,6,16,0,2,18
24,4,56,58,1,5,0,30,37,7
24,5,115,58,0,6,59,0,8,67