Game,Round,P0 Score,P1 Score,Winner,Turns,P0 Win,P1 Win,P0 Deadwood,P1 Deadwood
0,0,11,0,0,7,11,0,5,16
0,1,11,45,1,5,0,45,55,10
0,2,17,45,0,9,6,0,8,14
0,3,17,95,1,10,0,50,60,10
0,4,58,95,0,6,41,0,0,16
0,5,74,95,0,6,16,0,2,18
0,6,104,95,0,7,30,0,2,32
1,0,26,0,0,5,26,0,7,33
1,1,37,0,0,5,11,0,2,13
1,2,41,0,0,11,4,0,9,13
1,3,41,30,1,5,0,30,38,8
1,4,45,30,0,12,4,0,7,11
1,5,45,52,1,14,0,22,25,3
1,6,74,52,0,3,29,0,3,32
1,7,74,80,1,4,0,28,38,10
1,8,92,80,0,7,18,0,9,27
1,9,119,80,0,6,27,0,8,35
2,0,49,0,0,2,49,0,8,57
2,1,49,8,1,11,0,8,18,10
2,2,77,8,0,4,28,0,7,35
2,3,77,38,1,3,0,30,39,9
2,4,77,69,1,5,0,31,41,10
2,5,95,69,0,5,18,0,7,25
2,6,98,69,0,8,3,0,10,13
2,7,100,69,0,10,2,0,10,12
3,0,0,13,1,14,0,13,20,7
3,1,0,33,1,6,0,20,29,9
3,2,0,78,1,4,0,45,55,10
3,3,0,86,1,5,0,8,11,3
3,4,0,111,1,4,0,25,31,6
4,0,14,0,0,8,14,0,7,21
4,1,14,74,1,3,0,74,83,9
4,2,14,99,1,7,0,25,29,4
4,3,34,99,0,5,20,0,4,24
4,4,56,99,0,5,22,0,5,27
4,5,74,99,0,8,18,0,4,22
4,6,113,99,0,3,39,0,4,43
5,0,0,10,1,11,0,10,18,8
5,1,0,24,1,6,0,14,20,6
5,2,38,24,0,12,38,0,0,13
5,3,57,24,0,6,19,0,8,27
5,4,57,54,1,9,0,30,35,5
5,5,76,54,0,3,19,0,10,29
5,6,104,54,0,4,28,0,10,38
6,0,0,9,1,8,0,9,18,9
6,1,0,14,1,8,0,5,11,6
6,2,30,14,0,7,30,0,1,31
6,3,30,28,1,9,0,14,22,8
6,4,30,65,1,6,0,37,45,8
6,5,30,76,1,12,0,11,19,8
6,6,30,107,1,9,0,31,39,8
7,0,0,13,1,10,0,13,16,3
7,1,0,71,1,4,0,58,66,8
7,2,10,71,0,5,10,0,3,13
7,3,10,104,1,3,0,33,42,9
8,0,28,0,0,10,28,0,10,38
8,1,28,11,1,8,0,11,20,9
8,2,38,11,0,8,10,0,2,12
8,3,51,11,0,5,13,0,5,18
8,4,51,27,1,7,0,16,17,1
8,5,51,41,1,7,0,14,22,8
8,6,79,41,0,5,28,0,2,30
8,7,79,81,1,9,0,40,41,1
8,8,79,124,1,4,0,43,45,2
9,0,48,0,0,7,48,0,0,23
9,1,48,23,1,8,0,23,24,1
9,2,48,45,1,7,0,22,32,10
9,3,64,45,0,10,16,0,6,22
9,4,64,62,1,4,0,17,27,10
9,5,76,62,0,4,12,0,7,19
9,6,76,74,1,7,0,12,17,5
9,7,76,120,1,6,0,46,50,4
10,0,14,0,0,7,14,0,8,22
10,1,14,11,1,10,0,11,19,8
10,2,47,11,0,9,33,0,4,37
10,3,62,11,0,9,15,0,7,22
10,4,62,40,1,6,0,29,39,10
10,5,67,40,0,8,5,0,7,12
10,6,67,69,1,5,0,29,37,8
10,7,67,79,1,9,0,10,20,10
10,8,113,79,0,3,46,0,7,53
11,0,0,23,1,5,0,23,24,1
11,1,9,23,0,7,9,0,2,11
11,2,23,23,0,8,14,0,9,23
11,3,23,64,1,2,0,41,51,10
11,4,23,111,1,4,0,47,51,4
12,0,29,0,0,7,29,0,9,38
12,1,29,50,1,7,0,50,59,9
12,2,29,56,1,7,0,6,15,9
12,3,36,56,0,5,7,0,10,17
12,4,59,56,0,6,23,0,6,29
12,5,65,56,0,14,6,0,5,11
12,6,65,57,1,9,0,1,11,10
12,7,84,57,0,6,19,0,7,26
12,8,91,57,0,9,7,0,5,12
12,9,91,85,1,7,0,28,38,10
12,10,91,133,1,3,0,48,56,8
13,0,0,60,1,2,0,60,68,8
13,1,0,111,1,3,0,51,59,8
14,0,9,0,0,5,9,0,7,16
14,1,9,3,1,6,0,3,11,8
14,2,22,3,0,3,13,0,10,23
14,3,22,35,1,5,0,32,40,8
14,4,22,54,1,10,0,19,27,8
14,5,35,54,0,5,13,0,1,14
14,6,35,108,1,5,0,54,56,2
15,0,0,30,1,3,0,30,40,10
15,1,0,53,1,6,0,23,32,9
15,2,0,55,1,12,0,2,12,10
15,3,0,110,1,5,0,55,57,2
16,0,0,14,1,6,0,14,23,9
16,1,9,14,0,6,9,0,9,18
16,2,56,14,0,3,47,0,2,49
16,3,56,41,1,8,0,27,37,10
16,4,56,71,1,6,0,30,34,4
16,5,56,102,1,6,0,31,41,10
17,0,0,35,1,7,0,35,36,1
17,1,0,45,1,5,0,10,20,10
17,2,46,45,0,6,46,0,3,49
17,3,46,68,1,5,0,23,32,9
17,4,46,89,1,8,0,21,29,8
17,5,46,112,1,9,0,23,28,5
18,0,2,0,0,7,2,0,9,11
18,1,40,0,0,11,38,0,0,13
18,2,53,0,0,8,13,0,7,20
18,3,53,23,1,15,0,23,30,7
18,4,53,72,1,4,0,49,58,9
18,5,53,90,1,5,0,18,25,7
18,6,53,103,1,11,0,13,21,8
19,0,27,0,0,9,27,0,4,31
19,1,29,0,0,8,2,0,10,12
19,2,29,59,1,1,0,59,60,1
19,3,29,84,1,3,0,25,33,8
19,4,29,91,1,11,0,7,16,9
19,5,43,91,0,7,14,0,8,22
19,6,84,91,0,2,41,0,10,51
19,7,97,91,0,8,13,0,5,18
19,8,97,130,1,8,0,39,45,6