Game,Round,P0 Score,P1 Score,Winner,Turns,P0 Win,P1 Win,P0 Deadwood,P1 Deadwood
0,0,0,39,1,4,0,39,44,5
0,1,0,46,1,11,0,7,14,7
0,2,17,46,0,5,17,0,1,18
0,3,31,46,0,11,14,0,4,18
0,4,37,46,0,11,6,0,9,15
0,5,57,46,0,4,20,0,2,22
0,6,77,46,0,6,20,0,7,27
0,7,96,46,0,8,19,0,9,28
0,8,136,46,0,3,40,0,5,45
1,0,43,0,0,4,43,0,3,46
1,1,43,20,1,5,0,20,25,5
1,2,61,20,0,6,18,0,5,23
1,3,61,50,1,4,0,30,38,8
1,4,114,50,0,8,53,0,0,28
2,0,35,0,0,2,35,0,7,42
2,1,35,20,1,10,0,20,29,9
2,2,68,20,0,3,33,0,9,42
2,3,68,52,1,5,0,32,40,8
2,4,84,52,0,9,16,0,5,21
2,5,112,52,0,3,28,0,2,30
3,0,25,0,0,5,25,0,10,35
3,1,25,30,1,5,0,30,40,10
3,2,25,88,1,3,0,58,67,9
3,3,37,88,0,5,12,0,10,22
3,4,37,132,1,3,0,44,48,4
4,0,0,9,1,12,0,9,18,9
4,1,0,55,1,8,0,46,50,4
4,2,0,61,1,8,0,6,12,6
4,3,5,61,0,4,5,0,9,14
4,4,42,61,0,6,37,0,0,12
4,5,56,61,0,8,14,0,6,20
4,6,59,61,0,8,3,0,8,11
4,7,59,64,1,7,0,3,12,9
4,8,84,64,0,4,25,0,5,30
4,9,84,86,1,2,0,22,24,2
4,10,84,100,1,11,0,14,24,10
5,0,37,0,0,10,37,0,0,12
5,1,96,0,0,5,59,0,0,34
5,2,107,0,0,7,11,0,5,16
6,0,0,18,1,10,0,18,26,8
6,1,28,18,0,5,28,0,1,29
6,2,46,18,0,6,18,0,1,19
6,3,46,26,1,7,0,8,14,6
6,4,58,26,0,8,12,0,1,13
6,5,58,32,1,12,0,6,12,6
6,6,76,32,0,3,18,0,10,28
6,7,76,63,1,6,0,31,41,10
6,8,84,63,0,8,8,0,8,16
6,9,117,63,0,4,33,0,6,39
7,0,29,0,0,4,29,0,4,33
7,1,29,47,1,5,0,47,56,9
7,2,29,84,1,4,0,37,39,2
7,3,29,121,1,4,0,37,46,9
8,0,0,4,1,9,0,4,12,8
8,1,10,4,0,5,10,0,10,20
8,2,25,4,0,7,15,0,10,25
8,3,52,4,0,4,27,0,8,35
8,4,52,20,1,6,0,16,17,1
8,5,52,35,1,5,0,15,24,9
8,6,52,41,1,11,0,6,13,7
8,7,52,54,1,6,0,13,21,8
8,8,52,80,1,5,0,26,34,8
8,9,78,80,0,4,26,0,8,34
8,10,124,80,0,3,46,0,9,55
9,0,0,6,1,6,0,6,13,7
9,1,0,48,1,7,0,42,43,1
9,2,0,63,1,7,0,15,21,6
9,3,5,63,0,12,5,0,7,12
9,4,5,78,1,3,0,15,16,1
9,5,17,78,0,4,12,0,7,19
9,6,20,78,0,6,3,0,8,11
9,7,20,100,1,5,0,22,24,2
10,0,8,0,0,12,8,0,6,14
10,1,8,30,1,7,0,30,40,10
10,2,53,30,0,7,45,0,1,46
10,3,63,30,0,6,10,0,10,20
10,4,87,30,0,5,24,0,1,25
10,5,96,30,0,5,9,0,3,12
10,6,113,30,0,8,17,0,5,22
11,0,0,21,1,3,0,21,29,8
11,1,0,30,1,4,0,9,18,9
11,2,0,55,1,9,0,25,32,7
11,3,0,104,1,5,0,49,58,9
12,0,0,15,1,8,0,15,21,6
12,1,0,18,1,12,0,3,11,8
12,2,16,18,0,5,16,0,6,22
12,3,16,45,1,4,0,27,34,7
12,4,35,45,0,8,19,0,9,28
12,5,35,64,1,8,0,19,23,4
12,6,60,64,0,5,25,0,8,33
12,7,87,64,0,5,27,0,7,34
12,8,93,64,0,6,6,0,7,13
12,9,93,95,1,8,0,31,35,4
12,10,93,146,1,2,0,51,59,8
13,0,12,0,0,7,12,0,7,19
13,1,12,33,1,2,0,33,43,10
13,2,64,33,0,3,52,0,5,57
13,3,100,33,0,3,36,0,2,38
14,0,6,0,0,4,6,0,10,16
14,1,12,0,0,4,6,0,5,11
14,2,49,0,0,5,37,0,7,44
14,3,49,32,1,2,0,32,39,7
14,4,49,58,1,7,0,26,35,9
14,5,55,58,0,13,6,0,9,15
14,6,67,58,0,6,12,0,10,22
14,7,91,58,0,7,24,0,10,34
14,8,91,93,1,3,0,35,39,4
14,9,91,116,1,6,0,23,33,10
15,0,13,0,0,4,13,0,4,17
15,1,13,43,1,7,0,43,49,6
15,2,13,69,1,8,0,26,36,10
15,3,13,101,1,7,0,32,42,10
16,0,1,0,0,10,1,0,10,11
16,1,35,0,0,4,34,0,10,44
16,2,60,0,0,8,25,0,8,33
16,3,60,35,1,6,0,35,42,7
16,4,60,57,1,5,0,22,29,7
16,5,60,104,1,2,0,47,56,9
17,0,0,50,1,5,0,50,52,2
17,1,20,50,0,4,20,0,7,27
17,2,20,56,1,8,0,6,16,10
17,3,20,84,1,4,0,28,38,10
17,4,20,103,1,8,0,19,26,7
18,0,35,0,0,3,35,0,9,44
18,1,55,0,0,6,20,0,3,23
18,2,55,28,1,5,0,28,38,10
18,3,74,28,0,7,19,0,7,26
18,4,85,28,0,9,11,0,10,21
18,5,85,50,1,4,0,22,31,9
18,6,85,57,1,12,0,7,17,10
18,7,85,82,1,4,0,25,26,1
18,8,120,82,0,5,35,0,8,43
19,0,9,0,0,8,9,0,2,11
19,1,9,9,1,9,0,9,17,8
19,2,9,39,1,3,0,30,31,1
19,3,9,70,1,2,0,31,32,1
19,4,9,74,1,11,0,4,12,8
19,5,16,74,0,10,7,0,4,11
19,6,75,74,0,1,59,0,10,69
19,7,105,74,0,6,30,0,9,39
20,0,0,32,1,5,0,32,40,8
20,1,10,32,0,4,10,0,6,16
20,2,10,42,1,7,0,10,11,1
20,3,10,57,1,5,0,15,21,6
20,4,10,89,1,4,0,32,41,9
20,5,25,89,0,8,15,0,5,20
20,6,25,143,1,2,0,54,60,6
21,0,0,29,1,8,0,29,38,9
21,1,12,29,0,9,12,0,10,22
21,2,50,29,0,4,38,0,2,40
21,3,50,30,1,7,0,1,11,10
21,4,50,38,1,5,0,8,18,10
21,5,50,82,1,6,0,44,53,9
21,6,50,97,1,4,0,15,25,10
21,7,50,125,1,4,0,28,34,6
22,0,0,38,1,4,0,38,40,2
22,1,0,95,1,5,0,57,64,7
22,2,0,101,1,4,0,6,16,10
23,0,0,20,1,5,0,20,28,8
23,1,0,38,1,7,0,18,23,5
23,2,0,62,1,3,0,24,32,8
23,3,0,94,1,9,0,32,40,8
23,4,0,132,1,3,0,38,48,10
24,0,9,0,0,7,9,0,8,17
24,1,33,0,0,6,24,0,2,26
24,2,42,0,0,5,9,0,6,15
24,3,55,0,0,8,13,0,9,22
24,4,57,0,0,6,2,0,9,11
24,5,57,6,1,8,0,6,14,8
24,6,88,6,0,4,31,0,8,39
24,7,88,31,1,7,0,25,32,7
24,8,107,31,0,6,19,0,4,23