Game,Round,P0 Score,P1 Score,Winner,Turns,P0 Win,P1 Win,P0 Deadwood,P1 Deadwood
0,0,0,37,1,2,0,37,46,9
0,1,0,68,1,3,0,31,39,8
0,2,5,68,0,6,5,0,8,13
0,3,14,68,0,5,9,0,3,12
0,4,14,79,1,9,0,11,19,8
0,5,37,79,0,4,23,0,10,33
0,6,66,79,0,11,29,0,6,35
0,7,71,79,0,12,5,0,6,11
0,8,84,79,0,4,13,0,8,21
0,9,84,126,1,4,0,47,48,1
1,0,48,0,0,6,48,0,9,57
1,1,48,36,1,4,0,36,43,7
1,2,62,36,0,5,14,0,3,17
1,3,62,112,1,3,0,76,51,0
2,0,28,0,0,6,28,0,8,36
2,1,28,51,1,2,0,51,55,4
2,2,66,51,0,3,38,0,9,47
2,3,66,57,1,10,0,6,16,10
2,4,66,74,1,7,0,17,22,5
2,5,66,79,1,6,0,5,13,8
2,6,82,79,0,7,16,0,9,25
2,7,82,114,1,7,0,35,42,7
3,0,34,0,0,7,34,0,8,42
3,1,34,8,1,9,0,8,14,6
3,2,34,23,1,9,0,15,21,6
3,3,67,23,0,5,33,0,9,42
3,4,67,30,1,5,0,7,16,9
3,5,67,47,1,11,0,17,24,7
3,6,93,47,0,5,26,0,9,35
3,7,93,101,1,6,0,54,29,0
4,0,10,0,0,6,10,0,10,20
4,1,10,42,1,4,0,42,52,10
4,2,19,42,0,9,9,0,4,13
4,3,27,42,0,2,8,0,9,17
4,4,27,57,1,6,0,15,20,5
4,5,77,57,0,2,50,0,7,57
4,6,77,61,1,7,0,4,12,8
4,7,77,68,1,8,0,7,17,10
4,8,87,68,0,6,10,0,6,16
4,9,94,68,0,1,7,0,9,16
4,10,94,77,1,11,0,9,19,10
4,11,108,77,0,10,14,0,5,19
5,0,0,22,1,10,0,22,31,9
5,1,5,22,0,11,5,0,7,12
5,2,13,22,0,6,8,0,10,18
5,3,13,70,1,3,0,48,57,9
5,4,13,91,1,8,0,21,29,8
5,5,44,91,0,2,31,0,9,40
5,6,89,91,0,2,45,0,6,51
5,7,92,91,0,4,3,0,10,13
5,8,97,91,0,8,5,0,10,15
5,9,97,115,1,6,0,24,32,8
6,0,0,7,1,7,0,7,13,6
6,1,0,16,1,10,0,9,12,3
6,2,8,16,0,7,8,0,4,12
6,3,44,16,0,4,36,0,4,40
6,4,72,16,0,7,28,0,8,36
6,5,72,29,1,10,0,13,22,9
6,6,89,29,0,8,17,0,3,20
6,7,89,57,1,7,0,28,38,10
6,8,98,57,0,8,9,0,7,16
6,9,108,57,0,6,10,0,4,14
7,0,0,9,1,6,0,9,16,7
7,1,0,57,1,6,0,48,50,2
7,2,0,63,1,8,0,6,15,9
7,3,0,77,1,3,0,14,23,9
7,4,15,77,0,3,15,0,8,23
7,5,43,77,0,6,28,0,3,31
7,6,76,77,0,5,33,0,7,40
7,7,79,77,0,8,3,0,8,11
7,8,117,77,0,10,38,0,7,45
8,0,39,0,0,9,39,0,2,41
8,1,39,25,1,4,0,25,31,6
8,2,69,25,0,6,30,0,2,32
8,3,69,29,1,10,0,4,13,9
8,4,89,29,0,4,20,0,10,30
8,5,110,29,0,3,21,0,10,31
9,0,0,50,1,5,0,50,55,5
9,1,0,63,1,7,0,13,17,4
9,2,0,95,1,5,0,32,34,2
9,3,26,95,0,5,26,0,7,33
9,4,26,113,1,1,0,18,28,10
10,0,0,22,1,6,0,22,25,3
10,1,0,36,1,10,0,14,23,9
10,2,0,44,1,10,0,8,18,10
10,3,37,44,0,5,37,0,0,12
10,4,37,47,1,5,0,3,13,10
10,5,37,52,1,8,0,5,14,9
10,6,37,68,1,7,0,16,23,7
10,7,37,94,1,4,0,26,35,9
10,8,96,94,0,3,59,0,8,67
10,9,99,94,0,6,3,0,10,13
10,10,99,122,1,8,0,28,31,3
11,0,0,43,1,8,0,43,18,0
11,1,0,59,1,8,0,16,25,9
11,2,13,59,0,7,13,0,3,16
11,3,13,72,1,7,0,13,19,6
11,4,50,72,0,4,37,0,9,46
11,5,50,125,1,3,0,53,54,1
12,0,0,24,1,3,0,24,34,10
12,1,0,40,1,4,0,16,26,10
12,2,29,40,0,3,29,0,2,31
12,3,40,40,0,5,11,0,9,20
12,4,40,92,1,5,0,52,27,0
12,5,40,117,1,7,0,25,27,2
13,0,4,0,0,7,4,0,8,12
13,1,4,33,1,2,0,33,43,10
13,2,4,52,1,7,0,19,28,9
13,3,4,68,1,7,0,16,17,1
13,4,4,130,1,5,0,62,37,0
14,0,0,21,1,6,0,21,26,5
14,1,0,30,1,6,0,9,19,10
14,2,17,30,0,4,17,0,10,27
14,3,17,49,1,3,0,19,26,7
14,4,33,49,0,11,16,0,8,24
14,5,73,49,0,4,40,0,8,48
14,6,73,79,1,4,0,30,36,6
14,7,122,79,0,5,49,0,6,55
15,0,0,30,1,3,0,30,40,10
15,1,7,30,0,6,7,0,8,15
15,2,7,40,1,6,0,10,14,4
15,3,7,67,1,4,0,27,34,7
15,4,22,67,0,7,15,0,3,18
15,5,58,67,0,6,36,0,9,45
15,6,58,75,1,6,0,8,13,5
15,7,101,75,0,7,43,0,4,47
16,0,15,0,0,7,15,0,1,16
16,1,63,0,0,4,48,0,9,57
16,2,89,0,0,5,26,0,2,28
16,3,89,35,1,6,0,35,36,1
16,4,120,35,0,6,31,0,7,38
17,0,0,9,1,10,0,9,17,8
17,1,0,28,1,5,0,19,28,9
17,2,0,52,1,6,0,24,32,8
17,3,11,52,0,6,11,0,8,19
17,4,11,63,1,6,0,11,21,10
17,5,11,79,1,6,0,16,25,9
17,6,24,79,0,7,13,0,2,15
17,7,24,128,1,8,0,49,57,8
18,0,10,0,0,5,10,0,9,19
18,1,10,26,1,4,0,26,33,7
18,2,22,26,0,6,12,0,4,16
18,3,55,26,0,4,33,0,9,42
18,4,55,31,1,13,0,5,12,7
18,5,55,53,1,5,0,22,26,4
18,6,82,53,0,4,27,0,10,37
18,7,104,53,0,3,22,0,8,30
19,0,0,5,1,7,0,5,12,7
19,1,25,5,0,3,25,0,7,32
19,2,25,13,1,6,0,8,17,9
19,3,25,39,1,4,0,26,27,1
19,4,49,39,0,4,24,0,4,28
19,5,53,39,0,5,4,0,8,12
19,6,78,39,0,8,25,0,9,34
19,7,93,39,0,4,15,0,9,24
19,8,93,52,1,7,0,13,19,6
19,9,95,52,0,15,2,0,10,12
19,10,95,68,1,9,0,16,26,10
19,11,118,68,0,9,23,0,8,31
20,0,0,3,1,9,0,3,12,9
20,1,26,3,0,5,26,0,6,32
20,2,26,8,1,5,0,5,11,6
20,3,26,37,1,4,0,29,36,7
20,4,26,63,1,1,0,26,34,8
20,5,26,82,1,10,0,19,24,5
20,6,26,136,1,1,0,54,64,10
21,0,0,14,1,7,0,14,23,9
21,1,0,25,1,10,0,11,14,3
21,2,0,50,1,4,0,25,26,1
21,3,0,64,1,5,0,14,24,10
21,4,7,64,0,8,7,0,9,16
21,5,7,98,1,6,0,34,44,10
21,6,7,106,1,12,0,8,15,7
22,0,0,34,1,4,0,34,36,2
22,1,0,110,1,4,0,76,51,0
23,0,9,0,0,7,9,0,4,13
23,1,9,20,1,6,0,20,23,3
23,2,9,36,1,3,0,16,25,9
23,3,31,36,0,4,22,0,8,30
23,4,31,44,1,6,0,8,11,3
23,5,31,52,1,8,0,8,16,8
23,6,63,52,0,8,32,0,1,33
23,7,63,62,1,8,0,10,17,7
23,8,73,62,0,4,10,0,10,20
23,9,79,62,0,6,6,0,6,12
23,10,91,62,0,6,12,0,8,20
23,11,93,62,0,9,2,0,10,12
23,12,93,79,1,4,0,17,25,8
23,13,93,92,1,9,0,13,22,9
23,14,93,112,1,5,0,20,30,10
24,0,18,0,0,9,18,0,2,20
24,1,33,0,0,6,15,0,7,22
24,2,33,6,1,5,0,6,12,6
24,3,43,6,0,6,10,0,9,19
24,4,43,12,1,7,0,6,15,9
24,5,81,12,0,5,38,0,2,40
24,6,81,17,1,9,0,5,11,6
24,7,81,57,1,2,0,40,48,8
24,8,102,57,0,6,21,0,10,31