Game,Round,P0 Score,P1 Score,Winner,Turns,P0 Win,P1 Win,P0 Deadwood,P1 Deadwood
0,0,0,37,1,3,0,37,46,9
0,1,11,37,0,9,11,0,6,17
0,2,11,82,1,8,0,45,20,0
0,3,18,82,0,9,7,0,9,16
0,4,39,82,0,11,21,0,1,22
0,5,60,82,0,5,21,0,10,31
0,6,64,82,0,11,4,0,7,11
0,7,97,82,0,11,33,0,5,38
0,8,133,82,0,4,36,0,8,44
1,0,0,9,1,9,0,9,13,4
1,1,12,9,0,9,12,0,4,16
1,2,45,9,0,4,33,0,10,43
1,3,45,80,1,3,0,71,46,0
1,4,51,80,0,17,6,0,7,13
1,5,61,80,0,9,10,0,7,17
1,6,116,80,0,3,55,0,7,62
2,0,35,0,0,4,35,0,9,44
2,1,35,55,1,2,0,55,59,4
2,2,81,55,0,2,46,0,8,54
2,3,81,97,1,4,0,42,43,1
2,4,98,97,0,6,17,0,9,26
2,5,116,97,0,6,18,0,10,28
3,0,0,23,1,6,0,23,32,9
3,1,0,66,1,4,0,43,47,4
3,2,0,75,1,15,0,9,16,7
3,3,16,75,0,6,16,0,10,26
3,4,16,91,1,7,0,16,22,6
3,5,16,106,1,12,0,15,23,8
4,0,42,0,0,5,42,0,1,43
4,1,88,0,0,8,46,0,0,21
4,2,105,0,0,7,17,0,9,26
5,0,0,5,1,11,0,5,14,9
5,1,28,5,0,13,28,0,8,36
5,2,28,24,1,6,0,19,20,1
5,3,28,82,1,3,0,58,65,7
5,4,28,89,1,12,0,7,16,9
5,5,28,93,1,11,0,4,13,9
5,6,73,93,0,2,45,0,6,51
5,7,106,93,0,3,33,0,8,41
6,0,12,0,0,5,12,0,10,22
6,1,12,23,1,6,0,23,32,9
6,2,29,23,0,10,17,0,7,24
6,3,61,23,0,5,32,0,9,41
6,4,61,74,1,3,0,51,57,6
6,5,61,81,1,13,0,7,15,8
6,6,78,81,0,5,17,0,7,24
6,7,78,104,1,6,0,23,33,10
7,0,0,17,1,6,0,17,26,9
7,1,0,50,1,7,0,33,36,3
7,2,0,53,1,9,0,3,11,8
7,3,0,75,1,3,0,22,31,9
7,4,18,75,0,5,18,0,10,28
7,5,18,83,1,9,0,8,12,4
7,6,27,83,0,7,9,0,8,17
7,7,40,83,0,7,13,0,6,19
7,8,40,98,1,5,0,15,20,5
7,9,40,110,1,6,0,12,22,10
8,0,13,0,0,9,13,0,10,23
8,1,29,0,0,12,16,0,10,26
8,2,69,0,0,8,40,0,2,42
8,3,69,23,1,5,0,23,32,9
8,4,100,23,0,3,31,0,7,38
9,0,0,26,1,5,0,26,35,9
9,1,0,73,1,7,0,47,22,0
9,2,0,99,1,6,0,26,32,6
9,3,0,143,1,9,0,44,19,0
10,0,0,15,1,6,0,15,19,4
10,1,5,15,0,15,5,0,9,14
10,2,5,28,1,9,0,13,21,8
10,3,5,31,1,8,0,3,12,9
10,4,5,34,1,5,0,3,13,10
10,5,13,34,0,5,8,0,10,18
10,6,51,34,0,4,38,0,9,47
10,7,51,57,1,7,0,23,32,9
10,8,91,57,0,2,40,0,9,49
10,9,91,80,1,7,0,23,26,3
10,10,91,108,1,5,0,28,30,2
11,0,10,0,0,7,10,0,9,19
11,1,10,49,1,4,0,49,24,0
11,2,27,49,0,8,17,0,10,27
11,3,27,53,1,7,0,4,14,10
11,4,27,69,1,10,0,16,23,7
11,5,27,107,1,7,0,38,46,8
12,0,0,17,1,5,0,17,24,7
12,1,0,45,1,2,0,28,38,10
12,2,24,45,0,7,24,0,4,28
12,3,36,45,0,9,12,0,5,17
12,4,64,45,0,10,28,0,10,38
12,5,64,69,1,4,0,24,34,10
12,6,64,75,1,8,0,6,13,7
12,7,94,75,0,9,30,0,5,35
12,8,94,76,1,8,0,1,11,10
12,9,94,78,1,6,0,2,12,10
12,10,110,78,0,7,16,0,8,24
13,0,0,54,1,4,0,54,60,6
13,1,0,87,1,2,0,33,43,10
13,2,53,87,0,3,53,0,7,60
13,3,118,87,0,4,65,0,2,67
14,0,10,0,0,8,10,0,5,15
14,1,37,0,0,6,27,0,4,31
14,2,37,15,1,6,0,15,23,8
14,3,37,78,1,3,0,63,38,0
14,4,57,78,0,9,20,0,10,30
14,5,57,87,1,7,0,9,17,8
14,6,57,93,1,6,0,6,15,9
14,7,98,93,0,6,41,0,6,47
14,8,98,145,1,4,0,52,27,0
15,0,0,23,1,5,0,23,33,10
15,1,7,23,0,6,7,0,8,15
15,2,49,23,0,9,42,0,2,44
15,3,49,73,1,3,0,50,59,9
15,4,49,89,1,6,0,16,24,8
15,5,52,89,0,7,3,0,9,12
15,6,74,89,0,7,22,0,10,32
15,7,74,92,1,10,0,3,13,10
15,8,108,92,0,6,34,0,8,42
16,0,6,0,0,7,6,0,9,15
16,1,31,0,0,5,25,0,7,32
16,2,100,0,0,3,69,0,5,74
17,0,0,3,1,11,0,3,13,10
17,1,0,15,1,8,0,12,16,4
17,2,0,23,1,9,0,8,15,7
17,3,0,30,1,7,0,7,16,9
17,4,9,30,0,10,9,0,10,19
17,5,9,56,1,8,0,26,32,6
17,6,9,61,1,8,0,5,15,10
17,7,9,64,1,12,0,3,11,8
17,8,43,64,0,9,34,0,1,35
17,9,83,64,0,8,40,0,4,44
17,10,126,64,0,6,43,0,9,52
18,0,0,12,1,6,0,12,13,1
18,1,0,15,1,8,0,3,13,10
18,2,0,21,1,10,0,6,14,8
18,3,4,21,0,8,4,0,7,11
18,4,4,27,1,7,0,6,12,6
18,5,4,73,1,5,0,46,21,0
18,6,41,73,0,5,37,0,10,47
18,7,78,73,0,2,37,0,8,45
18,8,78,111,1,9,0,38,45,7
19,0,12,0,0,12,12,0,3,15
19,1,81,0,0,3,69,0,2,71
19,2,88,0,0,8,7,0,10,17
19,3,88,3,1,9,0,3,11,8
19,4,88,9,1,6,0,6,16,10
19,5,88,17,1,5,0,8,15,7
19,6,147,17,0,2,59,0,10,69