Game,Round,P0 Score,P1 Score,Winner,Turns,P0 Win,P1 Win,P0 Deadwood,P1 Deadwood
0,0,0,6,1,10,0,6,14,8
0,1,0,19,1,7,0,13,19,6
0,2,0,29,1,10,0,10,12,2
0,3,12,29,0,4,12,0,10,22
0,4,12,50,1,5,0,21,30,9
0,5,12,65,1,8,0,15,17,2
0,6,19,65,0,10,7,0,5,12
0,7,19,83,1,12,0,18,20,2
0,8,28,83,0,10,9,0,6,15
0,9,28,92,1,7,0,9,13,4
0,10,28,98,1,11,0,6,14,8
0,11,28,106,1,10,0,8,18,10
1,0,9,0,0,9,9,0,5,14
1,1,30,0,0,9,21,0,7,28
1,2,30,1,1,2,0,1,11,10
1,3,33,1,0,2,3,0,10,13
1,4,56,1,0,10,23,0,9,32
1,5,56,16,1,9,0,15,16,1
1,6,67,16,0,11,11,0,7,18
1,7,89,16,0,5,22,0,8,30
1,8,89,26,1,10,0,10,19,9
1,9,99,26,0,9,10,0,3,13
1,10,117,26,0,8,18,0,9,27
2,0,0,7,1,5,0,7,13,6
2,1,35,7,0,3,35,0,6,41
2,2,35,11,1,7,0,4,11,7
2,3,35,33,1,5,0,22,28,6
2,4,35,48,1,4,0,15,23,8
2,5,35,55,1,8,0,7,11,4
2,6,44,55,0,11,9,0,2,11
2,7,64,55,0,4,20,0,9,29
2,8,75,55,0,6,11,0,1,12
2,9,84,55,0,10,9,0,8,17
2,10,84,67,1,9,0,12,20,8
2,11,84,74,1,8,0,7,15,8
2,12,124,74,0,4,40,0,4,44
3,0,3,0,0,10,3,0,10,13
3,1,3,53,1,4,0,53,62,9
3,2,10,53,0,8,7,0,7,14
3,3,10,57,1,10,0,4,13,9
3,4,10,67,1,6,0,10,19,9
3,5,10,79,1,3,0,12,22,10
3,6,10,108,1,6,0,29,38,9
4,0,0,34,1,5,0,34,44,10
4,1,6,34,0,7,6,0,8,14
4,2,18,34,0,8,12,0,4,16
4,3,26,34,0,6,8,0,5,13
4,4,26,49,1,6,0,15,21,6
4,5,49,49,0,6,23,0,7,30
4,6,63,49,0,6,14,0,2,16
4,7,63,92,1,7,0,43,18,0
4,8,63,98,1,7,0,6,13,7
4,9,63,117,1,5,0,19,27,8
5,0,3,0,0,13,3,0,8,11
5,1,3,4,1,4,0,4,11,7
5,2,20,4,0,9,17,0,9,26
5,3,42,4,0,7,22,0,6,28
5,4,44,4,0,8,2,0,9,11
5,5,47,4,0,9,3,0,8,11
5,6,47,9,1,6,0,5,13,8
5,7,67,9,0,3,20,0,9,29
5,8,75,9,0,8,8,0,4,12
5,9,75,13,1,10,0,4,11,7
5,10,75,19,1,6,0,6,11,5
5,11,75,35,1,8,0,16,24,8
5,12,83,35,0,14,8,0,5,13
5,13,95,35,0,4,12,0,6,18
5,14,95,41,1,8,0,6,16,10
5,15,95,49,1,10,0,8,13,5
5,16,97,49,0,10,2,0,9,11
5,17,97,65,1,5,0,16,21,5
5,18,104,65,0,8,7,0,7,14
6,0,7,0,0,8,7,0,10,17
6,1,7,20,1,5,0,20,28,8
6,2,7,28,1,5,0,8,15,7
6,3,7,33,1,7,0,5,14,9
6,4,7,50,1,8,0,17,21,4
6,5,7,62,1,8,0,12,15,3
6,6,7,72,1,10,0,10,19,9
6,7,7,75,1,7,0,3,11,8
6,8,7,93,1,6,0,18,24,6
6,9,7,97,1,6,0,4,14,10
6,10,10,97,0,7,3,0,8,11
6,11,54,97,0,2,44,0,10,54
6,12,54,105,1,5,0,8,18,10
7,0,0,33,1,5,0,33,39,6
7,1,13,33,0,5,13,0,7,20
7,2,29,33,0,7,16,0,6,22
7,3,29,58,1,5,0,25,27,2
7,4,55,58,0,6,26,0,7,33
7,5,55,63,1,9,0,5,12,7
7,6,55,82,1,5,0,19,28,9
7,7,64,82,0,9,9,0,9,18
7,8,125,82,0,4,61,0,1,62
8,0,0,13,1,10,0,13,19,6
8,1,17,13,0,5,17,0,7,24
8,2,28,13,0,5,11,0,3,14
8,3,44,13,0,3,16,0,4,20
8,4,53,13,0,7,9,0,6,15
8,5,53,63,1,5,0,50,55,5
8,6,55,63,0,8,2,0,9,11
8,7,55,117,1,7,0,54,61,7
9,0,0,82,1,3,0,82,57,0
9,1,0,100,1,9,0,18,19,1
10,0,0,5,1,7,0,5,12,7
10,1,0,25,1,3,0,20,25,5
10,2,0,46,1,5,0,21,31,10
10,3,7,46,0,6,7,0,10,17
10,4,7,66,1,4,0,20,27,7
10,5,7,99,1,5,0,33,40,7
10,6,7,146,1,1,0,47,57,10
11,0,6,0,0,10,6,0,8,14
11,1,8,0,0,3,2,0,10,12
11,2,8,15,1,7,0,15,16,1
11,3,8,50,1,2,0,35,45,10
11,4,41,50,0,3,33,0,10,43
11,5,41,92,1,7,0,42,50,8
11,6,41,110,1,8,0,18,24,6
12,0,26,0,0,5,26,0,10,36
12,1,26,14,1,4,0,14,21,7
12,2,26,24,1,5,0,10,17,7
12,3,37,24,0,7,11,0,8,19
12,4,45,24,0,6,8,0,7,15
12,5,64,24,0,10,19,0,10,29
12,6,76,24,0,7,12,0,9,21
12,7,92,24,0,3,16,0,10,26
12,8,92,39,1,5,0,15,23,8
12,9,98,39,0,10,6,0,5,11
12,10,113,39,0,10,15,0,9,24
13,0,35,0,0,3,35,0,4,39
13,1,50,0,0,5,15,0,9,24
13,2,64,0,0,12,14,0,8,22
13,3,64,3,1,5,0,3,13,10
13,4,71,3,0,6,7,0,10,17
13,5,80,3,0,7,9,0,6,15
13,6,107,3,0,7,27,0,2,29
14,0,18,0,0,7,18,0,3,21
14,1,18,14,1,9,0,14,23,9
14,2,33,14,0,7,15,0,8,23
14,3,33,20,1,7,0,6,16,10
14,4,48,20,0,6,15,0,5,20
14,5,87,20,0,2,39,0,10,49
14,6,87,27,1,8,0,7,15,8
14,7,107,27,0,6,20,0,9,29
15,0,37,0,0,6,37,0,5,42
15,1,61,0,0,6,24,0,10,34
15,2,85,0,0,4,24,0,9,33
15,3,85,3,1,7,0,3,12,9
15,4,85,41,1,2,0,38,46,8
15,5,92,41,0,8,7,0,8,15
15,6,92,49,1,9,0,8,13,5
15,7,92,65,1,7,0,16,23,7
15,8,92,88,1,4,0,23,31,8
15,9,106,88,0,5,14,0,9,23
16,0,0,7,1,9,0,7,17,10
16,1,0,34,1,7,0,27,35,8
16,2,11,34,0,9,11,0,5,16
16,3,35,34,0,4,24,0,10,34
16,4,35,39,1,7,0,5,15,10
16,5,106,39,0,1,71,0,10,81
17,0,18,0,0,8,18,0,9,27
17,1,45,0,0,8,27,0,7,34
17,2,45,19,1,7,0,19,28,9
17,3,45,64,1,2,0,45,48,3
17,4,45,118,1,2,0,54,64,10
18,0,20,0,0,4,20,0,8,28
18,1,39,0,0,2,19,0,7,26
18,2,64,0,0,3,25,0,9,34
18,3,64,32,1,5,0,32,41,9
18,4,101,32,0,7,37,0,4,41
19,0,25,0,0,7,25,0,1,26
19,1,62,0,0,4,37,0,0,12
19,2,62,16,1,8,0,16,26,10
19,3,62,28,1,13,0,12,14,2
19,4,62,47,1,5,0,19,23,4
19,5,62,60,1,4,0,13,20,7
19,6,84,60,0,6,22,0,9,31
19,7,104,60,0,5,20,0,7,27
20,0,66,0,0,3,66,0,0,41
20,1,81,0,0,1,15,0,10,25
20,2,81,9,1,7,0,9,12,3
20,3,81,26,1,9,0,17,27,10
20,4,81,88,1,2,0,62,71,9
20,5,96,88,0,10,15,0,10,25
20,6,96,96,1,11,0,8,15,7
20,7,96,108,1,3,0,12,21,9
21,0,24,0,0,6,24,0,4,28
21,1,24,5,1,10,0,5,14,9
21,2,32,5,0,13,8,0,5,13
21,3,50,5,0,5,18,0,10,28
21,4,73,5,0,5,23,0,6,29
21,5,97,5,0,1,24,0,10,34
21,6,97,34,1,3,0,29,36,7
21,7,97,36,1,8,0,2,12,10
21,8,124,36,0,6,27,0,8,35
22,0,0,41,1,4,0,41,46,5
22,1,43,41,0,4,43,0,8,51
22,2,43,58,1,6,0,17,20,3
22,3,50,58,0,6,7,0,8,15
22,4,50,85,1,6,0,27,37,10
22,5,77,85,0,3,27,0,3,30
22,6,77,119,1,4,0,34,36,2
23,0,0,9,1,6,0,9,19,10
23,1,0,30,1,5,0,21,27,6
23,2,0,43,1,7,0,13,14,1
23,3,20,43,0,7,20,0,5,25
23,4,40,43,0,10,20,0,6,26
23,5,61,43,0,4,21,0,2,23
23,6,99,43,0,6,38,0,0,13
23,7,99,69,1,5,0,26,30,4
23,8,99,78,1,9,0,9,19,10
23,9,99,99,1,3,0,21,28,7
23,10,99,109,1,7,0,10,11,1
24,0,0,21,1,5,0,21,28,7
24,1,0,45,1,6,0,24,30,6
24,2,0,46,1,9,0,1,11,10
24,3,0,69,1,8,0,23,24,1
24,4,37,69,0,6,37,0,9,46
24,5,44,69,0,4,7,0,9,16
24,6,44,78,1,6,0,9,11,2
24,7,64,78,0,6,20,0,3,23
24,8,72,78,0,8,8,0,7,15
24,9,72,83,1,10,0,5,12,7
24,10,84,83,0,9,12,0,9,21
24,11,84,93,1,6,0,10,15,5
24,12,84,118,1,4,0,25,27,2
25,0,49,0,0,4,49,0,10,59
25,1,49,15,1,9,0,15,17,2
25,2,49,19,1,9,0,4,12,8
25,3,49,34,1,7,0,15,23,8
25,4,68,34,0,10,19,0,10,29
25,5,77,34,0,11,9,0,2,11
25,6,77,52,1,5,0,18,28,10
25,7,91,52,0,5,14,0,10,24
25,8,114,52,0,7,23,0,10,33
26,0,2,0,0,8,2,0,10,12
26,1,8,0,0,10,6,0,10,16
26,2,8,34,1,5,0,34,40,6
26,3,27,34,0,10,19,0,8,27
26,4,49,34,0,7,22,0,9,31
26,5,54,34,0,15,5,0,8,13
26,6,94,34,0,3,40,0,8,48
26,7,94,83,1,4,0,49,24,0
26,8,129,83,0,2,35,0,9,44
27,0,0,40,1,4,0,40,50,10
27,1,0,48,1,11,0,8,14,6
27,2,0,72,1,3,0,24,29,5
27,3,0,79,1,7,0,7,16,9
27,4,0,116,1,1,0,37,38,1
28,0,14,0,0,4,14,0,1,15
28,1,14,7,1,3,0,7,17,10
28,2,39,7,0,12,25,0,2,27
28,3,43,7,0,6,4,0,10,14
28,4,43,21,1,9,0,14,17,3
28,5,50,21,0,8,7,0,7,14
28,6,69,21,0,2,19,0,8,27
28,7,81,21,0,11,12,0,7,19
28,8,81,26,1,10,0,5,15,10
28,9,101,26,0,7,20,0,9,29
29,0,0,8,1,10,0,8,18,10
29,1,12,8,0,4,12,0,5,17
29,2,12,13,1,11,0,5,13,8
29,3,16,13,0,8,4,0,10,14
29,4,28,13,0,3,12,0,8,20
29,5,54,13,0,6,26,0,8,34
29,6,54,24,1,10,0,11,20,9
29,7,54,25,1,8,0,1,11,10
29,8,75,25,0,3,21,0,10,31
29,9,75,29,1,10,0,4,13,9
29,10,89,29,0,11,14,0,8,22
29,11,101,29,0,5,12,0,10,22
30,0,33,0,0,7,33,0,2,35
30,1,41,0,0,5,8,0,7,15
30,2,51,0,0,8,10,0,7,17
30,3,51,47,1,3,0,47,57,10
30,4,69,47,0,9,18,0,9,27
30,5,69,57,1,11,0,10,16,6
30,6,85,57,0,7,16,0,7,23
30,7,85,81,1,4,0,24,31,7
30,8,92,81,0,8,7,0,4,11
30,9,108,81,0,5,16,0,10,26
31,0,0,16,1,8,0,16,25,9
31,1,21,16,0,8,21,0,10,31
31,2,21,49,1,6,0,33,40,7
31,3,30,49,0,5,9,0,10,19
31,4,35,49,0,10,5,0,9,14
31,5,35,70,1,7,0,21,22,1
31,6,35,90,1,4,0,20,28,8
31,7,48,90,0,9,13,0,9,22
31,8,59,90,0,8,11,0,5,16
31,9,72,90,0,9,13,0,2,15
31,10,95,90,0,5,23,0,1,24
31,11,103,90,0,8,8,0,10,18
32,0,18,0,0,7,18,0,7,25
32,1,18,34,1,3,0,34,37,3
32,2,18,62,1,4,0,28,36,8
32,3,50,62,0,4,32,0,8,40
32,4,50,76,1,8,0,14,21,7
32,5,50,93,1,8,0,17,24,7
32,6,99,93,0,3,49,0,8,57
32,7,99,98,1,10,0,5,13,8
32,8,99,126,1,6,0,28,29,1
33,0,36,0,0,5,36,0,0,11
33,1,43,0,0,8,7,0,8,15
33,2,47,0,0,9,4,0,8,12
33,3,47,25,1,7,0,25,32,7
33,4,47,56,1,5,0,31,37,6
33,5,47,62,1,10,0,6,15,9
33,6,47,108,1,5,0,46,55,9
34,0,49,0,0,6,49,0,10,59
34,1,76,0,0,9,27,0,4,31
34,2,76,11,1,5,0,11,14,3
34,3,76,21,1,12,0,10,17,7
34,4,97,21,0,6,21,0,6,27
34,5,97,55,1,5,0,34,38,4
34,6,107,55,0,6,10,0,2,12
35,0,0,18,1,8,0,18,28,10
35,1,3,18,0,8,3,0,9,12
35,2,22,18,0,13,19,0,5,24
35,3,22,29,1,11,0,11,17,6
35,4,22,53,1,4,0,24,34,10
35,5,48,53,0,5,26,0,8,34
35,6,48,62,1,5,0,9,19,10
35,7,50,62,0,7,2,0,10,12
35,8,64,62,0,9,14,0,5,19
35,9,64,82,1,5,0,20,30,10
35,10,103,82,0,6,39,0,10,49
36,0,9,0,0,9,9,0,8,17
36,1,18,0,0,3,9,0,5,14
36,2,18,19,1,6,0,19,29,10
36,3,18,29,1,11,0,10,17,7
36,4,34,29,0,5,16,0,9,25
36,5,34,46,1,7,0,17,25,8
36,6,39,46,0,6,5,0,8,13
36,7,39,57,1,14,0,11,14,3
36,8,39,83,1,2,0,26,35,9
36,9,41,83,0,8,2,0,10,12
36,10,41,90,1,8,0,7,16,9
36,11,41,94,1,9,0,4,12,8
36,12,41,117,1,2,0,23,33,10
37,0,11,0,0,12,11,0,7,18
37,1,11,21,1,8,0,21,28,7
37,2,63,21,0,4,52,0,7,59
37,3,72,21,0,8,9,0,9,18
37,4,72,37,1,7,0,16,25,9
37,5,72,51,1,7,0,14,23,9
37,6,72,64,1,6,0,13,21,8
37,7,72,97,1,4,0,33,42,9
37,8,92,97,0,5,20,0,4,24
37,9,92,111,1,5,0,14,22,8
38,0,0,32,1,8,0,32,40,8
38,1,0,55,1,9,0,23,28,5
38,2,0,80,1,5,0,25,35,10
38,3,10,80,0,7,10,0,7,17
38,4,10,88,1,3,0,8,13,5
38,5,39,88,0,5,29,0,7,36
38,6,76,88,0,2,37,0,10,47
38,7,76,120,1,6,0,32,42,10
39,0,0,12,1,6,0,12,20,8
39,1,0,21,1,8,0,9,17,8
39,2,57,21,0,4,57,0,7,64
39,3,89,21,0,5,32,0,8,40
39,4,91,21,0,3,2,0,10,12
39,5,107,21,0,9,16,0,10,26
40,0,24,0,0,7,24,0,1,25
40,1,24,9,1,10,0,9,19,10
40,2,24,29,1,6,0,20,28,8
40,3,42,29,0,7,18,0,9,27
40,4,51,29,0,5,9,0,9,18
40,5,51,93,1,1,0,64,66,2
40,6,51,139,1,2,0,46,53,7
41,0,56,0,0,6,56,0,2,58
41,1,56,4,1,7,0,4,13,9
41,2,56,12,1,10,0,8,15,7
41,3,66,12,0,6,10,0,10,20
41,4,66,29,1,8,0,17,24,7
41,5,66,48,1,5,0,19,22,3
41,6,121,48,0,5,55,0,0,30
42,0,51,0,0,4,51,0,4,55
42,1,51,23,1,7,0,23,27,4
42,2,55,23,0,8,4,0,10,14
42,3,83,23,0,9,28,0,6,34
42,4,83,50,1,3,0,27,31,4
42,5,102,50,0,6,19,0,8,27
43,0,0,6,1,8,0,6,12,6
43,1,9,6,0,9,9,0,6,15
43,2,12,6,0,9,3,0,10,13
43,3,27,6,0,7,15,0,7,22
43,4,40,6,0,7,13,0,10,23
43,5,108,6,0,5,68,0,0,43
44,0,0,12,1,4,0,12,22,10
44,1,0,24,1,10,0,12,14,2
44,2,0,28,1,11,0,4,14,10
44,3,0,49,1,8,0,21,31,10
44,4,3,49,0,8,3,0,9,12
44,5,32,49,0,7,29,0,2,31
44,6,32,59,1,7,0,10,18,8
44,7,59,59,0,6,27,0,9,36
44,8,59,78,1,2,0,19,28,9
44,9,59,91,1,4,0,13,20,7
44,10,59,109,1,6,0,18,28,10
45,0,0,8,1,7,0,8,11,3
45,1,0,16,1,8,0,8,15,7
45,2,0,21,1,5,0,5,14,9
45,3,0,33,1,12,0,12,22,10
45,4,0,81,1,5,0,48,58,10
45,5,0,98,1,6,0,17,26,9
45,6,0,112,1,12,0,14,21,7
46,0,0,3,1,9,0,3,11,8
46,1,0,26,1,7,0,23,30,7
46,2,14,26,0,7,14,0,4,18
46,3,14,48,1,7,0,22,32,10
46,4,14,97,1,2,0,49,52,3
46,5,31,97,0,7,17,0,7,24
46,6,48,97,0,4,17,0,10,27
46,7,71,97,0,3,23,0,10,33
46,8,107,97,0,4,36,0,2,38
47,0,0,19,1,7,0,19,20,1
47,1,0,26,1,8,0,7,12,5
47,2,9,26,0,12,9,0,9,18
47,3,12,26,0,7,3,0,9,12
47,4,26,26,0,10,14,0,8,22
47,5,26,31,1,7,0,5,14,9
47,6,36,31,0,13,10,0,8,18
47,7,42,31,0,6,6,0,7,13
47,8,82,31,0,7,40,0,2,42
47,9,82,37,1,7,0,6,12,6
47,10,82,53,1,5,0,16,23,7
47,11,90,53,0,7,8,0,7,15
47,12,107,53,0,5,17,0,6,23
48,0,7,0,0,7,7,0,9,16
48,1,9,0,0,9,2,0,10,12
48,2,9,42,1,1,0,42,43,1
48,3,9,56,1,9,0,14,18,4
48,4,25,56,0,8,16,0,3,19
48,5,30,56,0,6,5,0,7,12
48,6,66,56,0,8,36,0,7,43
48,7,68,56,0,9,2,0,9,11
48,8,68,75,1,4,0,19,29,10
48,9,73,75,0,8,5,0,10,15
48,10,73,85,1,8,0,10,18,8
48,11,82,85,0,7,9,0,8,17
48,12,90,85,0,8,8,0,10,18
48,13,90,105,1,7,0,20,25,5
49,0,0,4,1,10,0,4,11,7
49,1,0,11,1,10,0,7,16,9
49,2,22,11,0,4,22,0,10,32
49,3,22,34,1,9,0,23,29,6
49,4,33,34,0,14,11,0,2,13
49,5,42,34,0,7,9,0,7,16
49,6,42,36,1,6,0,2,11,9
49,7,48,36,0,7,6,0,7,13
49,8,80,36,0,3,32,0,10,42
49,9,80,123,1,4,0,87,62,0