Game,Round,P0 Score,P1 Score,Winner,Turns,P0 Win,P1 Win,P0 Deadwood,P1 Deadwood
0,0,30,0,0,4,30,0,7,37
0,1,30,27,1,3,0,27,35,8
0,2,30,65,1,8,0,38,13,0
0,3,45,65,0,11,15,0,5,20
0,4,45,79,1,9,0,14,22,8
0,5,45,84,1,6,0,5,12,7
0,6,45,92,1,4,0,8,17,9
0,7,50,92,0,11,5,0,8,13
0,8,55,92,0,4,5,0,9,14
0,9,79,92,0,8,24,0,6,30
0,10,79,100,1,10,0,8,18,10
1,0,0,4,1,8,0,4,11,7
1,1,0,16,1,8,0,12,18,6
1,2,0,27,1,8,0,11,17,6
1,3,25,27,0,10,25,0,7,32
1,4,25,40,1,7,0,13,21,8
1,5,25,57,1,6,0,17,25,8
1,6,28,57,0,6,3,0,9,12
1,7,28,65,1,10,0,8,11,3
1,8,83,65,0,5,55,0,10,65
1,9,98,65,0,7,15,0,7,22
1,10,98,74,1,4,0,9,19,10
1,11,120,74,0,4,22,0,8,30
2,0,11,0,0,10,11,0,2,13
2,1,11,19,1,9,0,19,25,6
2,2,11,41,1,5,0,22,28,6
2,3,11,86,1,4,0,45,54,9
2,4,11,102,1,4,0,16,26,10
3,0,5,0,0,16,5,0,7,12
3,1,29,0,0,4,24,0,9,33
3,2,29,17,1,6,0,17,25,8
3,3,29,35,1,8,0,18,26,8
3,4,35,35,0,5,6,0,7,13
3,5,35,42,1,14,0,7,13,6
3,6,38,42,0,10,3,0,8,11
3,7,38,50,1,7,0,8,15,7
3,8,38,74,1,9,0,24,33,9
3,9,38,102,1,3,0,28,35,7
4,0,4,0,0,6,4,0,10,14
4,1,24,0,0,4,20,0,10,30
4,2,47,0,0,6,23,0,7,30
4,3,90,0,0,2,43,0,8,51
4,4,99,0,0,16,9,0,7,16
4,5,99,10,1,8,0,10,18,8
4,6,99,26,1,4,0,16,24,8
4,7,112,26,0,2,13,0,5,18
5,0,0,3,1,9,0,3,12,9
5,1,10,3,0,11,10,0,6,16
5,2,43,3,0,3,33,0,8,41
5,3,65,3,0,7,22,0,1,23
5,4,65,26,1,3,0,23,29,6
5,5,65,51,1,5,0,25,31,6
5,6,95,51,0,8,30,0,3,33
5,7,95,79,1,13,0,28,29,1
5,8,102,79,0,10,7,0,6,13
6,0,18,0,0,3,18,0,9,27
6,1,20,0,0,5,2,0,10,12
6,2,29,0,0,6,9,0,9,18
6,3,34,0,0,7,5,0,7,12
6,4,35,0,0,8,1,0,10,11
6,5,43,0,0,6,8,0,10,18
6,6,48,0,0,5,5,0,9,14
6,7,48,31,1,9,0,31,38,7
6,8,55,31,0,9,7,0,9,16
6,9,78,31,0,6,23,0,5,28
6,10,78,38,1,9,0,7,17,10
6,11,107,38,0,9,29,0,7,36
7,0,0,25,1,5,0,25,26,1
7,1,22,25,0,7,22,0,3,25
7,2,22,39,1,14,0,14,21,7
7,3,22,62,1,4,0,23,30,7
7,4,31,62,0,13,9,0,4,13
7,5,74,62,0,2,43,0,8,51
7,6,98,62,0,4,24,0,8,32
7,7,115,62,0,5,17,0,7,24
8,0,0,38,1,8,0,38,40,2
8,1,23,38,0,5,23,0,9,32
8,2,34,38,0,12,11,0,7,18
8,3,34,51,1,9,0,13,22,9
8,4,34,81,1,4,0,30,40,10
8,5,34,108,1,6,0,27,34,7
9,0,10,0,0,9,10,0,4,14
9,1,10,27,1,6,0,27,33,6
9,2,10,52,1,5,0,25,31,6
9,3,10,78,1,7,0,26,33,7
9,4,13,78,0,13,3,0,9,12
9,5,29,78,0,4,16,0,6,22
9,6,47,78,0,5,18,0,9,27
9,7,48,78,0,10,1,0,10,11
9,8,48,108,1,7,0,30,31,1
10,0,0,36,1,4,0,36,45,9
10,1,0,76,1,5,0,40,48,8
10,2,19,76,0,9,19,0,1,20
10,3,19,84,1,6,0,8,15,7
10,4,42,84,0,8,23,0,10,33
10,5,88,84,0,3,46,0,10,56
10,6,110,84,0,9,22,0,10,32
11,0,0,21,1,8,0,21,28,7
11,1,8,21,0,9,8,0,8,16
11,2,8,38,1,6,0,17,27,10
11,3,36,38,0,5,28,0,9,37
11,4,46,38,0,6,10,0,10,20
11,5,46,61,1,5,0,23,30,7
11,6,46,99,1,3,0,38,13,0
11,7,72,99,0,7,26,0,4,30
11,8,82,99,0,7,10,0,8,18
11,9,82,105,1,10,0,6,16,10
12,0,38,0,0,4,38,0,2,40
12,1,38,13,1,4,0,13,20,7
12,2,45,13,0,5,7,0,8,15
12,3,86,13,0,8,41,0,7,48
12,4,112,13,0,7,26,0,8,34
13,0,42,0,0,3,42,0,9,51
13,1,42,30,1,9,0,30,32,2
13,2,58,30,0,5,16,0,8,24
13,3,58,66,1,2,0,36,44,8
13,4,65,66,0,5,7,0,4,11
13,5,65,73,1,8,0,7,17,10
13,6,65,89,1,4,0,16,26,10
13,7,65,92,1,9,0,3,12,9
13,8,113,92,0,2,48,0,8,56
14,0,0,39,1,4,0,39,47,8
14,1,5,39,0,10,5,0,9,14
14,2,7,39,0,7,2,0,10,12
14,3,7,46,1,8,0,7,14,7
14,4,7,59,1,10,0,13,17,4
14,5,26,59,0,3,19,0,6,25
14,6,26,63,1,8,0,4,11,7
14,7,52,63,0,9,26,0,4,30
14,8,52,91,1,9,0,28,36,8
14,9,52,97,1,4,0,6,14,8
14,10,62,97,0,11,10,0,2,12
14,11,78,97,0,5,16,0,2,18
14,12,78,111,1,7,0,14,24,10
15,0,6,0,0,7,6,0,9,15
15,1,65,0,0,1,59,0,8,67
15,2,79,0,0,7,14,0,8,22
15,3,92,0,0,8,13,0,9,22
15,4,92,16,1,8,0,16,23,7
15,5,92,55,1,4,0,39,46,7
15,6,101,55,0,6,9,0,10,19
16,0,0,4,1,4,0,4,13,9
16,1,0,16,1,4,0,12,19,7
16,2,0,28,1,7,0,12,22,10
16,3,18,28,0,9,18,0,4,22
16,4,49,28,0,5,31,0,1,32
16,5,49,57,1,8,0,29,37,8
16,6,85,57,0,6,36,0,10,46
16,7,98,57,0,9,13,0,10,23
16,8,98,82,1,6,0,25,34,9
16,9,140,82,0,3,42,0,8,50
17,0,0,4,1,6,0,4,12,8
17,1,0,16,1,13,0,12,19,7
17,2,0,21,1,6,0,5,15,10
17,3,0,35,1,10,0,14,18,4
17,4,0,43,1,6,0,8,18,10
17,5,28,43,0,10,28,0,10,38
17,6,28,45,1,5,0,2,12,10
17,7,42,45,0,4,14,0,7,21
17,8,42,61,1,5,0,16,24,8
17,9,56,61,0,5,14,0,10,24
17,10,56,71,1,4,0,10,19,9
17,11,77,71,0,7,21,0,1,22
17,12,77,76,1,8,0,5,12,7
17,13,77,112,1,4,0,36,43,7
18,0,8,0,0,10,8,0,9,17
18,1,32,0,0,6,24,0,4,28
18,2,32,6,1,5,0,6,12,6
18,3,55,6,0,7,23,0,6,29
18,4,55,10,1,4,0,4,13,9
18,5,92,10,0,1,37,0,1,38
18,6,115,10,0,4,23,0,4,27
19,0,0,42,1,2,0,42,52,10
19,1,0,59,1,4,0,17,24,7
19,2,21,59,0,6,21,0,6,27
19,3,21,83,1,10,0,24,34,10
19,4,33,83,0,5,12,0,1,13
19,5,39,83,0,11,6,0,8,14
19,6,39,89,1,3,0,6,14,8
19,7,39,102,1,6,0,13,14,1
20,0,10,0,0,4,10,0,8,18
20,1,13,0,0,9,3,0,8,11
20,2,13,11,1,10,0,11,21,10
20,3,13,18,1,9,0,7,15,8
20,4,22,18,0,8,9,0,2,11
20,5,24,18,0,11,2,0,10,12
20,6,24,19,1,13,0,1,11,10
20,7,24,39,1,8,0,20,24,4
20,8,24,40,1,4,0,1,11,10
20,9,24,53,1,6,0,13,23,10
20,10,24,63,1,7,0,10,11,1
20,11,31,63,0,13,7,0,7,14
20,12,31,80,1,8,0,17,27,10
20,13,31,84,1,10,0,4,11,7
20,14,35,84,0,13,4,0,8,12
20,15,48,84,0,7,13,0,7,20
20,16,48,95,1,15,0,11,17,6
20,17,67,95,0,4,19,0,6,25
20,18,67,110,1,8,0,15,25,10
21,0,13,0,0,7,13,0,1,14
21,1,25,0,0,8,12,0,10,22
21,2,34,0,0,11,9,0,9,18
21,3,50,0,0,4,16,0,6,22
21,4,102,0,0,6,52,0,10,62
22,0,0,32,1,5,0,32,34,2
22,1,14,32,0,3,14,0,5,19
22,2,28,32,0,5,14,0,8,22
22,3,28,35,1,9,0,3,13,10
22,4,55,35,0,3,27,0,4,31
22,5,55,48,1,9,0,13,19,6
22,6,70,48,0,4,15,0,9,24
22,7,80,48,0,7,10,0,1,11
22,8,118,48,0,3,38,0,3,41
23,0,11,0,0,13,11,0,7,18
23,1,11,28,1,6,0,28,31,3
23,2,20,28,0,6,9,0,8,17
23,3,23,28,0,9,3,0,8,11
23,4,23,46,1,6,0,18,20,2
23,5,48,46,0,7,25,0,7,32
23,6,81,46,0,4,33,0,6,39
23,7,106,46,0,7,25,0,6,31
24,0,0,13,1,7,0,13,20,7
24,1,24,13,0,6,24,0,9,33
24,2,24,22,1,5,0,9,17,8
24,3,25,22,0,12,1,0,10,11
24,4,25,66,1,6,0,44,48,4
24,5,62,66,0,13,37,0,0,12
24,6,68,66,0,11,6,0,8,14
24,7,68,82,1,8,0,16,25,9
24,8,68,98,1,8,0,16,17,1
24,9,68,105,1,10,0,7,17,10
25,0,0,12,1,10,0,12,20,8
25,1,0,66,1,1,0,54,63,9
25,2,14,66,0,6,14,0,8,22
25,3,14,87,1,7,0,21,28,7
25,4,24,87,0,8,10,0,9,19
25,5,28,87,0,5,4,0,7,11
25,6,28,109,1,7,0,22,23,1
26,0,6,0,0,6,6,0,10,16
26,1,6,18,1,6,0,18,26,8
26,2,6,50,1,3,0,32,39,7
26,3,14,50,0,8,8,0,8,16
26,4,14,61,1,8,0,11,14,3
26,5,25,61,0,10,11,0,10,21
26,6,62,61,0,13,37,0,6,43
26,7,62,65,1,7,0,4,12,8
26,8,62,65,null,15,0,0,13,11
26,9,66,65,0,6,4,0,8,12
26,10,77,65,0,9,11,0,1,12
26,11,106,65,0,8,29,0,9,38
27,0,6,0,0,11,6,0,10,16
27,1,6,41,1,1,0,41,49,8
27,2,6,56,1,9,0,15,21,6
27,3,39,56,0,9,33,0,9,42
27,4,62,56,0,3,23,0,7,30
27,5,62,73,1,8,0,17,27,10
27,6,62,86,1,6,0,13,20,7
27,7,62,89,1,9,0,3,11,8
27,8,62,115,1,1,0,26,36,10
28,0,0,9,1,12,0,9,14,5
28,1,0,19,1,6,0,10,11,1
28,2,7,19,0,10,7,0,4,11
28,3,7,57,1,9,0,38,13,0
28,4,31,57,0,7,24,0,10,34
28,5,31,80,1,5,0,23,29,6
28,6,36,80,0,9,5,0,10,15
28,7,50,80,0,5,14,0,5,19
28,8,63,80,0,6,13,0,7,20
28,9,146,80,0,3,83,0,0,58
29,0,0,14,1,5,0,14,17,3
29,1,0,30,1,6,0,16,23,7
29,2,24,30,0,4,24,0,8,32
29,3,64,30,0,5,40,0,0,15
29,4,64,65,1,1,0,35,44,9
29,5,78,65,0,9,14,0,10,24
29,6,78,82,1,6,0,17,24,7
29,7,78,110,1,2,0,28,36,8
30,0,6,0,0,7,6,0,8,14
30,1,6,7,1,9,0,7,16,9
30,2,6,15,1,5,0,8,18,10
30,3,34,15,0,5,28,0,5,33
30,4,34,31,1,11,0,16,17,1
30,5,34,41,1,6,0,10,17,7
30,6,34,69,1,3,0,28,36,8
30,7,46,69,0,6,12,0,8,20
30,8,46,80,1,13,0,11,18,7
30,9,50,80,0,6,4,0,8,12
30,10,50,89,1,9,0,9,16,7
30,11,59,89,0,6,9,0,9,18
30,12,76,89,0,9,17,0,1,18
30,13,76,105,1,6,0,16,22,6
31,0,0,18,1,7,0,18,19,1
31,1,0,20,1,8,0,2,11,9
31,2,0,32,1,15,0,12,13,1
31,3,0,52,1,5,0,20,21,1
31,4,0,57,1,5,0,5,13,8
31,5,50,57,0,2,50,0,10,60
31,6,70,57,0,2,20,0,8,28
31,7,87,57,0,5,17,0,8,25
31,8,87,74,1,4,0,17,27,10
31,9,87,83,1,8,0,9,18,9
31,10,115,83,0,6,28,0,8,36
32,0,3,0,0,5,3,0,9,12
32,1,12,0,0,8,9,0,9,18
32,2,27,0,0,12,15,0,1,16
32,3,43,0,0,8,16,0,10,26
32,4,57,0,0,5,14,0,5,19
32,5,57,16,1,12,0,16,21,5
32,6,85,16,0,3,28,0,3,31
32,7,85,28,1,9,0,12,19,7
32,8,109,28,0,6,24,0,5,29
33,0,0,13,1,9,0,13,22,9
33,1,8,13,0,7,8,0,10,18
33,2,26,13,0,7,18,0,8,26
33,3,29,13,0,6,3,0,8,11
33,4,29,26,1,7,0,13,18,5
33,5,29,83,1,3,0,57,62,5
33,6,29,102,1,5,0,19,23,4
34,0,0,8,1,5,0,8,16,8
34,1,0,24,1,5,0,16,26,10
34,2,7,24,0,11,7,0,6,13
34,3,7,27,1,7,0,3,12,9
34,4,7,38,1,9,0,11,20,9
34,5,31,38,0,5,24,0,9,33
34,6,85,38,0,3,54,0,9,63
34,7,85,47,1,8,0,9,11,2
34,8,96,47,0,10,11,0,9,20
34,9,160,47,0,2,64,0,4,68
35,0,0,6,1,7,0,6,15,9
35,1,6,6,0,9,6,0,5,11
35,2,11,6,0,9,5,0,8,13
35,3,15,6,0,9,4,0,10,14
35,4,15,45,1,3,0,39,49,10
35,5,15,54,1,8,0,9,15,6
35,6,15,77,1,5,0,23,33,10
35,7,15,98,1,5,0,21,30,9
35,8,53,98,0,3,38,0,4,42
35,9,53,106,1,6,0,8,14,6
36,0,24,0,0,3,24,0,9,33
36,1,37,0,0,11,13,0,2,15
36,2,38,0,0,7,1,0,10,11
36,3,38,2,1,11,0,2,12,10
36,4,73,2,0,5,35,0,9,44
36,5,110,2,0,13,37,0,0,12
37,0,19,0,0,6,19,0,8,27
37,1,61,0,0,4,42,0,10,52
37,2,70,0,0,9,9,0,8,17
37,3,70,22,1,7,0,22,30,8
37,4,70,30,1,8,0,8,15,7
37,5,83,30,0,8,13,0,9,22
37,6,83,36,1,5,0,6,16,10
37,7,87,36,0,4,4,0,8,12
37,8,87,44,1,13,0,8,14,6
37,9,109,44,0,8,22,0,7,29
38,0,4,0,0,6,4,0,10,14
38,1,4,40,1,2,0,40,49,9
38,2,4,59,1,6,0,19,24,5
38,3,23,59,0,6,19,0,6,25
38,4,23,70,1,9,0,11,15,4
38,5,42,70,0,10,19,0,8,27
38,6,53,70,0,8,11,0,1,12
38,7,68,70,0,6,15,0,5,20
38,8,68,86,1,6,0,16,23,7
38,9,93,86,0,3,25,0,9,34
38,10,113,86,0,7,20,0,9,29
39,0,30,0,0,7,30,0,10,40
39,1,30,8,1,5,0,8,11,3
39,2,76,8,0,2,46,0,9,55
39,3,76,17,1,8,0,9,19,10
39,4,76,86,1,3,0,69,44,0
39,5,100,86,0,3,24,0,2,26
40,0,0,8,1,6,0,8,16,8
40,1,0,15,1,9,0,7,13,6
40,2,0,41,1,2,0,26,36,10
40,3,0,48,1,5,0,7,17,10
40,4,0,66,1,6,0,18,25,7
40,5,0,89,1,6,0,23,32,9
40,6,10,89,0,12,10,0,6,16
40,7,10,100,1,7,0,11,21,10
41,0,0,43,1,6,0,43,49,6
41,1,0,58,1,5,0,15,25,10
41,2,44,58,0,4,44,0,10,54
41,3,57,58,0,11,13,0,10,23
41,4,75,58,0,12,18,0,7,25
41,5,75,96,1,7,0,38,13,0
41,6,117,96,0,5,42,0,8,50
42,0,23,0,0,8,23,0,3,26
42,1,23,21,1,7,0,21,28,7
42,2,23,31,1,9,0,10,16,6
42,3,42,31,0,7,19,0,4,23
42,4,42,49,1,3,0,18,28,10
42,5,93,49,0,4,51,0,0,26
42,6,128,49,0,7,35,0,8,43
43,0,0,8,1,3,0,8,16,8
43,1,12,8,0,7,12,0,3,15
43,2,27,8,0,6,15,0,1,16
43,3,35,8,0,5,8,0,6,14
43,4,35,19,1,7,0,11,21,10
43,5,35,25,1,8,0,6,15,9
43,6,35,36,1,6,0,11,13,2
43,7,56,36,0,5,21,0,6,27
43,8,84,36,0,6,28,0,4,32
43,9,84,56,1,8,0,20,28,8
43,10,113,56,0,4,29,0,8,37
44,0,0,26,1,6,0,26,35,9
44,1,7,26,0,10,7,0,6,13
44,2,32,26,0,6,25,0,7,32
44,3,41,26,0,4,9,0,10,19
44,4,41,34,1,10,0,8,11,3
44,5,72,34,0,4,31,0,9,40
44,6,72,41,1,6,0,7,14,7
44,7,83,41,0,11,11,0,3,14
44,8,83,54,1,4,0,13,21,8
44,9,129,54,0,8,46,0,3,49
45,0,34,0,0,6,34,0,10,44
45,1,44,0,0,4,10,0,7,17
45,2,44,19,1,6,0,19,24,5
45,3,50,19,0,7,6,0,10,16
45,4,50,30,1,6,0,11,18,7
45,5,50,41,1,11,0,11,13,2
45,6,50,52,1,9,0,11,21,10
45,7,50,64,1,10,0,12,18,6
45,8,50,85,1,1,0,21,25,4
45,9,50,93,1,8,0,8,14,6
45,10,60,93,0,5,10,0,7,17
45,11,80,93,0,5,20,0,4,24
45,12,80,110,1,6,0,17,27,10
46,0,4,0,0,12,4,0,8,12
46,1,4,17,1,6,0,17,23,6
46,2,4,35,1,7,0,18,26,8
46,3,4,53,1,8,0,18,24,6
46,4,4,55,1,8,0,2,12,10
46,5,4,66,1,9,0,11,21,10
46,6,4,94,1,3,0,28,36,8
46,7,4,95,1,10,0,1,11,10
46,8,16,95,0,11,12,0,8,20
46,9,19,95,0,12,3,0,8,11
46,10,51,95,0,5,32,0,4,36
46,11,51,113,1,8,0,18,27,9
47,0,16,0,0,9,16,0,1,17
47,1,16,15,1,5,0,15,24,9
47,2,28,15,0,4,12,0,8,20
47,3,28,18,1,12,0,3,12,9
47,4,75,18,0,1,47,0,5,52
47,5,121,18,0,2,46,0,1,47
48,0,25,0,0,7,25,0,8,33
48,1,32,0,0,12,7,0,6,13
48,2,32,17,1,6,0,17,18,1
48,3,32,25,1,6,0,8,18,10
48,4,32,58,1,4,0,33,37,4
48,5,48,58,0,8,16,0,1,17
48,6,53,58,0,6,5,0,9,14
48,7,53,88,1,3,0,30,37,7
48,8,53,95,1,10,0,7,11,4
48,9,53,116,1,3,0,21,31,10
49,0,0,32,1,2,0,32,33,1
49,1,0,40,1,6,0,8,17,9
49,2,0,65,1,4,0,25,34,9
49,3,0,68,1,13,0,3,11,8
49,4,8,68,0,11,8,0,6,14
49,5,23,68,0,7,15,0,4,19
49,6,23,81,1,8,0,13,19,6
49,7,29,81,0,6,6,0,7,13
49,8,76,81,0,3,47,0,8,55
49,9,103,81,0,7,27,0,3,30