Game,Round,P0 Score,P1 Score,Winner,Turns,P0 Win,P1 Win,P0 Deadwood,P1 Deadwood
0,0,14,0,0,5,14,0,6,20
0,1,14,13,1,13,0,13,16,3
0,2,14,28,1,9,0,15,17,2
0,3,15,28,0,6,1,0,10,11
0,4,15,39,1,7,0,11,21,10
0,5,15,63,1,9,0,24,34,10
0,6,15,75,1,8,0,12,20,8
0,7,47,75,0,4,32,0,2,34
0,8,68,75,0,4,21,0,8,29
0,9,76,75,0,9,8,0,10,18
0,10,109,75,0,7,33,0,6,39
1,0,34,0,0,5,34,0,3,37
1,1,58,0,0,6,24,0,7,31
1,2,82,0,0,6,24,0,7,31
1,3,102,0,0,6,20,0,8,28
2,0,15,0,0,9,15,0,7,22
2,1,23,0,0,7,8,0,7,15
2,2,28,0,0,6,5,0,10,15
2,3,28,24,1,3,0,24,27,3
2,4,43,24,0,5,15,0,7,22
2,5,47,24,0,7,4,0,9,13
2,6,83,24,0,4,36,0,3,39
2,7,83,41,1,6,0,17,26,9
2,8,83,49,1,8,0,8,13,5
2,9,130,49,0,3,47,0,5,52
3,0,12,0,0,8,12,0,3,15
3,1,38,0,0,5,26,0,4,30
3,2,38,13,1,13,0,13,16,3
3,3,65,13,0,4,27,0,8,35
3,4,73,13,0,10,8,0,10,18
3,5,87,13,0,7,14,0,9,23
3,6,105,13,0,7,18,0,10,28
4,0,24,0,0,2,24,0,10,34
4,1,24,24,1,5,0,24,25,1
4,2,32,24,0,5,8,0,8,16
4,3,48,24,0,8,16,0,1,17
4,4,48,30,1,7,0,6,15,9
4,5,96,30,0,5,48,0,3,51
4,6,96,53,1,4,0,23,32,9
4,7,96,84,1,7,0,31,35,4
4,8,96,88,1,9,0,4,12,8
4,9,96,88,null,16,0,0,16,25
4,10,96,96,1,6,0,8,17,9
4,11,96,128,1,2,0,32,41,9
5,0,0,25,1,5,0,25,32,7
5,1,3,25,0,7,3,0,9,12
5,2,3,39,1,5,0,14,18,4
5,3,3,53,1,8,0,14,24,10
5,4,4,53,0,12,1,0,10,11
5,5,14,53,0,6,10,0,3,13
5,6,14,66,1,7,0,13,23,10
5,7,14,107,1,5,0,41,51,10
6,0,25,0,0,7,25,0,7,32
6,1,39,0,0,6,14,0,10,24
6,2,39,1,1,7,0,1,11,10
6,3,39,8,1,13,0,7,12,5
6,4,58,8,0,8,19,0,6,25
6,5,78,8,0,7,20,0,5,25
6,6,103,8,0,5,25,0,4,29
7,0,23,0,0,8,23,0,10,33
7,1,33,0,0,7,10,0,7,17
7,2,33,22,1,3,0,22,31,9
7,3,33,37,1,7,0,15,21,6
7,4,74,37,0,4,41,0,9,50
7,5,74,74,1,5,0,37,45,8
7,6,74,82,1,7,0,8,16,8
7,7,119,82,0,2,45,0,6,51
8,0,16,0,0,5,16,0,4,20
8,1,42,0,0,2,26,0,3,29
8,2,72,0,0,7,30,0,8,38
8,3,72,42,1,6,0,42,52,10
8,4,72,49,1,7,0,7,17,10
8,5,72,52,1,9,0,3,13,10
8,6,94,52,0,5,22,0,1,23
8,7,139,52,0,4,45,0,9,54
9,0,0,4,1,6,0,4,11,7
9,1,0,7,1,13,0,3,11,8
9,2,19,7,0,8,19,0,5,24
9,3,25,7,0,10,6,0,7,13
9,4,36,7,0,5,11,0,6,17
9,5,38,7,0,9,2,0,9,11
9,6,38,27,1,3,0,20,30,10
9,7,42,27,0,10,4,0,7,11
9,8,67,27,0,3,25,0,6,31
9,9,109,27,0,4,42,0,0,17
10,0,0,5,1,10,0,5,14,9
10,1,0,56,1,6,0,51,26,0
10,2,0,75,1,10,0,19,26,7
10,3,12,75,0,6,12,0,2,14
10,4,52,75,0,7,40,0,2,42
10,5,52,76,1,6,0,1,11,10
10,6,52,94,1,4,0,18,28,10
10,7,52,96,1,13,0,2,11,9
10,8,52,110,1,9,0,14,20,6
11,0,0,21,1,7,0,21,31,10
11,1,17,21,0,6,17,0,7,24
11,2,47,21,0,3,30,0,9,39
11,3,66,21,0,8,19,0,10,29
11,4,84,21,0,4,18,0,10,28
11,5,84,38,1,7,0,17,26,9
11,6,119,38,0,5,35,0,8,43
12,0,0,2,1,10,0,2,12,10
12,1,0,35,1,3,0,33,39,6
12,2,6,35,0,8,6,0,7,13
12,3,47,35,0,5,41,0,5,46
12,4,47,42,1,5,0,7,17,10
12,5,47,84,1,9,0,42,17,0
12,6,47,93,1,5,0,9,17,8
12,7,55,93,0,6,8,0,7,15
12,8,55,106,1,4,0,13,19,6
13,0,5,0,0,7,5,0,10,15
13,1,5,16,1,6,0,16,24,8
13,2,7,16,0,10,2,0,10,12
13,3,7,30,1,6,0,14,15,1
13,4,29,30,0,7,22,0,9,31
13,5,29,43,1,11,0,13,20,7
13,6,35,43,0,11,6,0,5,11
13,7,52,43,0,6,17,0,3,20
13,8,52,56,1,6,0,13,20,7
13,9,52,65,1,3,0,9,18,9
13,10,56,65,0,8,4,0,10,14
13,11,90,65,0,2,34,0,6,40
13,12,111,65,0,8,21,0,3,24
14,0,7,0,0,5,7,0,9,16
14,1,7,7,1,8,0,7,13,6
14,2,11,7,0,7,4,0,10,14
14,3,21,7,0,11,10,0,3,13
14,4,21,13,1,9,0,6,16,10
14,5,38,13,0,9,17,0,6,23
14,6,47,13,0,10,9,0,3,12
14,7,47,40,1,7,0,27,33,6
14,8,78,40,0,3,31,0,9,40
14,9,95,40,0,7,17,0,6,23
14,10,107,40,0,10,12,0,6,18
15,0,0,31,1,3,0,31,40,9
15,1,12,31,0,10,12,0,10,22
15,2,12,52,1,7,0,21,30,9
15,3,17,52,0,8,5,0,6,11
15,4,33,52,0,14,16,0,2,18
15,5,33,56,1,8,0,4,12,8
15,6,33,80,1,5,0,24,28,4
15,7,43,80,0,10,10,0,10,20
15,8,50,80,0,11,7,0,4,11
15,9,50,94,1,5,0,14,21,7
15,10,53,94,0,9,3,0,9,12
15,11,53,103,1,4,0,9,19,10
16,0,14,0,0,3,14,0,8,22
16,1,14,31,1,4,0,31,41,10
16,2,14,38,1,5,0,7,11,4
16,3,14,70,1,9,0,32,40,8
16,4,40,70,0,6,26,0,5,31
16,5,40,71,1,8,0,1,11,10
16,6,40,80,1,11,0,9,16,7
16,7,54,80,0,11,14,0,7,21
16,8,54,111,1,5,0,31,41,10
17,0,0,36,1,5,0,36,44,8
17,1,0,46,1,6,0,10,12,2
17,2,0,50,1,8,0,4,13,9
17,3,22,50,0,2,22,0,10,32
17,4,37,50,0,7,15,0,8,23
17,5,37,56,1,14,0,6,14,8
17,6,37,79,1,7,0,23,32,9
17,7,37,79,null,16,0,0,13,22
17,8,37,89,1,6,0,10,13,3
17,9,37,92,1,10,0,3,13,10
17,10,57,92,0,7,20,0,1,21
17,11,66,92,0,3,9,0,10,19
17,12,66,114,1,2,0,22,29,7
18,0,9,0,0,6,9,0,3,12
18,1,9,18,1,5,0,18,28,10
18,2,19,18,0,8,10,0,9,19
18,3,46,18,0,4,27,0,9,36
18,4,46,34,1,8,0,16,23,7
18,5,46,39,1,12,0,5,13,8
18,6,56,39,0,8,10,0,10,20
18,7,56,43,1,8,0,4,12,8
18,8,56,86,1,12,0,43,18,0
18,9,65,86,0,7,9,0,8,17
18,10,87,86,0,4,22,0,10,32
18,11,87,120,1,8,0,34,37,3
19,0,15,0,0,6,15,0,9,24
19,1,25,0,0,3,10,0,6,16
19,2,62,0,0,4,37,0,2,39
19,3,62,2,1,6,0,2,11,9
19,4,62,24,1,7,0,22,32,10
19,5,62,39,1,6,0,15,24,9
19,6,67,39,0,8,5,0,8,13
19,7,67,70,1,8,0,31,40,9
19,8,67,80,1,8,0,10,20,10
19,9,67,109,1,4,0,29,39,10
20,0,23,0,0,5,23,0,8,31
20,1,37,0,0,8,14,0,7,21
20,2,55,0,0,5,18,0,6,24
20,3,89,0,0,6,34,0,7,41
20,4,89,43,1,6,0,43,53,10
20,5,97,43,0,10,8,0,4,12
20,6,108,43,0,8,11,0,3,14
21,0,0,16,1,4,0,16,24,8
21,1,0,45,1,5,0,29,37,8
21,2,29,45,0,8,29,0,7,36
21,3,40,45,0,6,11,0,8,19
21,4,50,45,0,6,10,0,9,19
21,5,59,45,0,10,9,0,8,17
21,6,59,48,1,6,0,3,11,8
21,7,59,50,1,6,0,2,12,10
21,8,59,54,1,11,0,4,14,10
21,9,62,54,0,9,3,0,10,13
21,10,78,54,0,5,16,0,6,22
21,11,151,54,0,3,73,0,0,48
22,0,22,0,0,9,22,0,8,30
22,1,22,37,1,6,0,37,12,0
22,2,31,37,0,3,9,0,6,15
22,3,58,37,0,7,27,0,6,33
22,4,82,37,0,5,24,0,6,30
22,5,85,37,0,12,3,0,8,11
22,6,103,37,0,8,18,0,6,24
23,0,35,0,0,1,35,0,7,42
23,1,59,0,0,5,24,0,8,32
23,2,61,0,0,7,2,0,9,11
23,3,61,60,1,3,0,60,65,5
23,4,61,75,1,9,0,15,22,7
23,5,61,81,1,11,0,6,11,5
23,6,76,81,0,9,15,0,7,22
23,7,76,101,1,6,0,20,29,9
24,0,0,13,1,6,0,13,15,2
24,1,0,27,1,11,0,14,22,8
24,2,0,41,1,6,0,14,20,6
24,3,0,71,1,5,0,30,40,10
24,4,16,71,0,7,16,0,10,26
24,5,82,71,0,10,66,0,0,41
24,6,82,75,1,8,0,4,13,9
24,7,88,75,0,8,6,0,10,16
24,8,88,81,1,7,0,6,16,10
24,9,88,86,1,4,0,5,12,7
24,10,103,86,0,10,15,0,10,25
25,0,0,25,1,5,0,25,35,10
25,1,0,38,1,6,0,13,23,10
25,2,0,54,1,7,0,16,26,10
25,3,2,54,0,5,2,0,10,12
25,4,2,94,1,4,0,40,49,9
25,5,14,94,0,8,12,0,7,19
25,6,14,103,1,6,0,9,13,4
26,0,0,7,1,8,0,7,16,9
26,1,26,7,0,6,26,0,6,32
26,2,30,7,0,8,4,0,9,13
26,3,43,7,0,7,13,0,10,23
26,4,68,7,0,7,25,0,4,29
26,5,68,42,1,2,0,35,41,6
26,6,110,42,0,5,42,0,4,46
27,0,13,0,0,7,13,0,10,23
27,1,13,6,1,12,0,6,13,7
27,2,13,17,1,10,0,11,19,8
27,3,13,44,1,6,0,27,37,10
27,4,13,60,1,6,0,16,24,8
27,5,13,64,1,10,0,4,11,7
27,6,13,70,1,5,0,6,15,9
27,7,13,73,1,10,0,3,11,8
27,8,42,73,0,5,29,0,2,31
27,9,73,73,0,6,31,0,3,34
27,10,73,99,1,7,0,26,33,7
27,11,74,99,0,7,1,0,10,11
27,12,84,99,0,9,10,0,6,16
27,13,101,99,0,5,17,0,1,18
28,0,0,42,1,4,0,42,52,10
28,1,27,42,0,2,27,0,10,37
28,2,27,47,1,6,0,5,15,10
28,3,27,64,1,3,0,17,23,6
28,4,49,64,0,3,22,0,10,32
28,5,65,64,0,9,16,0,4,20
28,6,73,64,0,6,8,0,6,14
28,7,73,81,1,8,0,17,26,9
28,8,73,85,1,6,0,4,12,8
28,9,73,111,1,7,0,26,33,7
29,0,0,16,1,7,0,16,18,2
29,1,7,16,0,12,7,0,10,17
29,2,10,16,0,12,3,0,8,11
29,3,29,16,0,5,19,0,8,27
29,4,29,19,1,8,0,3,11,8
29,5,29,23,1,9,0,4,11,7
29,6,29,32,1,8,0,9,18,9
29,7,38,32,0,8,9,0,5,14
29,8,38,45,1,8,0,13,18,5
29,9,38,69,1,4,0,24,34,10
29,10,38,80,1,10,0,11,20,9
29,11,38,88,1,2,0,8,18,10
29,12,38,103,1,11,0,15,23,8
30,0,0,9,1,6,0,9,15,6
30,1,0,12,1,14,0,3,11,8
30,2,0,16,1,8,0,4,14,10
30,3,2,16,0,8,2,0,9,11
30,4,2,76,1,1,0,60,68,8
30,5,2,89,1,5,0,13,22,9
30,6,7,89,0,6,5,0,7,12
30,7,49,89,0,4,42,0,10,52
30,8,49,120,1,8,0,31,36,5
31,0,0,6,1,7,0,6,12,6
31,1,0,46,1,1,0,40,43,3
31,2,0,54,1,6,0,8,11,3
31,3,14,54,0,4,14,0,7,21
31,4,32,54,0,7,18,0,4,22
31,5,34,54,0,9,2,0,10,12
31,6,34,100,1,3,0,46,54,8
32,0,0,18,1,7,0,18,21,3
32,1,0,44,1,4,0,26,32,6
32,2,69,44,0,3,69,0,6,75
32,3,75,44,0,5,6,0,10,16
32,4,78,44,0,7,3,0,10,13
32,5,81,44,0,3,3,0,9,12
32,6,88,44,0,6,7,0,9,16
32,7,88,44,null,16,0,0,16,22
32,8,90,44,0,9,2,0,10,12
32,9,112,44,0,4,22,0,4,26
33,0,37,0,0,7,37,0,7,44
33,1,37,21,1,6,0,21,26,5
33,2,52,21,0,9,15,0,3,18
33,3,65,21,0,7,13,0,2,15
33,4,65,61,1,3,0,40,48,8
33,5,88,61,0,6,23,0,9,32
33,6,88,66,1,5,0,5,12,7
33,7,97,66,0,14,9,0,2,11
33,8,97,83,1,3,0,17,26,9
33,9,101,83,0,6,4,0,9,13
34,0,11,0,0,4,11,0,1,12
34,1,11,4,1,12,0,4,14,10
34,2,11,5,1,11,0,1,11,10
34,3,34,5,0,5,23,0,10,33
34,4,51,5,0,11,17,0,9,26
34,5,80,5,0,5,29,0,7,36
34,6,80,25,1,5,0,20,29,9
34,7,80,32,1,7,0,7,14,7
34,8,80,60,1,6,0,28,36,8
34,9,80,94,1,3,0,34,35,1
34,10,80,119,1,4,0,25,32,7
35,0,0,33,1,6,0,33,43,10
35,1,8,33,0,4,8,0,8,16
35,2,8,70,1,4,0,37,38,1
35,3,17,70,0,9,9,0,7,16
35,4,30,70,0,8,13,0,4,17
35,5,50,70,0,5,20,0,5,25
35,6,50,80,1,7,0,10,17,7
35,7,50,90,1,9,0,10,11,1
35,8,50,107,1,7,0,17,25,8
36,0,5,0,0,6,5,0,10,15
36,1,46,0,0,11,41,0,0,16
36,2,64,0,0,4,18,0,4,22
36,3,112,0,0,3,48,0,10,58
37,0,19,0,0,5,19,0,6,25
37,1,31,0,0,6,12,0,10,22
37,2,31,14,1,7,0,14,22,8
37,3,31,42,1,3,0,28,34,6
37,4,61,42,0,7,30,0,4,34
37,5,67,42,0,8,6,0,7,13
37,6,67,59,1,4,0,17,27,10
37,7,67,66,1,10,0,7,13,6
37,8,73,66,0,13,6,0,6,12
37,9,73,77,1,7,0,11,15,4
37,10,79,77,0,6,6,0,9,15
37,11,79,86,1,6,0,9,18,9
37,12,79,104,1,8,0,18,27,9
38,0,0,14,1,12,0,14,23,9
38,1,0,35,1,7,0,21,22,1
38,2,17,35,0,9,17,0,1,18
38,3,17,39,1,11,0,4,12,8
38,4,28,39,0,5,11,0,9,20
38,5,34,39,0,10,6,0,8,14
38,6,34,71,1,4,0,32,40,8
38,7,34,116,1,7,0,45,20,0
39,0,19,0,0,8,19,0,8,27
39,1,39,0,0,6,20,0,8,28
39,2,39,46,1,1,0,46,56,10
39,3,39,58,1,8,0,12,14,2
39,4,73,58,0,6,34,0,7,41
39,5,73,68,1,8,0,10,17,7
39,6,79,68,0,6,6,0,9,15
39,7,79,103,1,7,0,35,44,9
40,0,0,11,1,5,0,11,18,7
40,1,0,22,1,11,0,11,14,3
40,2,43,22,0,3,43,0,8,51
40,3,43,34,1,11,0,12,17,5
40,4,43,50,1,3,0,16,19,3
40,5,43,60,1,7,0,10,18,8
40,6,54,60,0,4,11,0,10,21
40,7,54,90,1,12,0,30,40,10
40,8,58,90,0,12,4,0,7,11
40,9,58,94,1,6,0,4,13,9
40,10,58,107,1,10,0,13,15,2
41,0,0,16,1,6,0,16,21,5
41,1,5,16,0,7,5,0,8,13
41,2,12,16,0,9,7,0,10,17
41,3,12,74,1,3,0,58,66,8
41,4,29,74,0,7,17,0,6,23
41,5,86,74,0,3,57,0,0,32
41,6,97,74,0,11,11,0,7,18
41,7,97,86,1,10,0,12,13,1
41,8,101,86,0,6,4,0,9,13
42,0,0,3,1,6,0,3,13,10
42,1,0,56,1,5,0,53,59,6
42,2,4,56,0,6,4,0,7,11
42,3,14,56,0,11,10,0,2,12
42,4,59,56,0,4,45,0,7,52
42,5,59,72,1,5,0,16,24,8
42,6,59,81,1,7,0,9,18,9
42,7,80,81,0,8,21,0,6,27
42,8,82,81,0,9,2,0,10,12
42,9,101,81,0,11,19,0,4,23
43,0,31,0,0,6,31,0,7,38
43,1,38,0,0,13,7,0,10,17
43,2,38,34,1,2,0,34,43,9
43,3,50,34,0,5,12,0,4,16
43,4,60,34,0,8,10,0,9,19
43,5,70,34,0,9,10,0,8,18
43,6,70,39,1,8,0,5,12,7
43,7,83,39,0,3,13,0,6,19
43,8,83,45,1,11,0,6,14,8
43,9,107,45,0,5,24,0,7,31
44,0,19,0,0,6,19,0,10,29
44,1,19,4,1,8,0,4,14,10
44,2,80,4,0,5,61,0,7,68
44,3,90,4,0,8,10,0,9,19
44,4,90,49,1,7,0,45,20,0
44,5,90,63,1,12,0,14,20,6
44,6,90,68,1,7,0,5,15,10
44,7,118,68,0,7,28,0,10,38
45,0,15,0,0,6,15,0,7,22
45,1,15,28,1,3,0,28,34,6
45,2,15,31,1,3,0,3,13,10
45,3,15,48,1,6,0,17,19,2
45,4,24,48,0,6,9,0,8,17
45,5,36,48,0,11,12,0,7,19
45,6,43,48,0,8,7,0,6,13
45,7,43,51,1,5,0,3,11,8
45,8,43,60,1,3,0,9,18,9
45,9,52,60,0,11,9,0,3,12
45,10,52,73,1,4,0,13,14,1
45,11,61,73,0,3,9,0,10,19
45,12,73,73,0,8,12,0,9,21
45,13,73,80,1,6,0,7,17,10
45,14,73,91,1,7,0,11,18,7
45,15,103,91,0,4,30,0,10,40
46,0,11,0,0,5,11,0,10,21
46,1,11,7,1,6,0,7,14,7
46,2,11,13,1,6,0,6,16,10
46,3,37,13,0,10,26,0,8,34
46,4,47,13,0,5,10,0,2,12
46,5,66,13,0,4,19,0,10,29
46,6,66,32,1,5,0,19,29,10
46,7,70,32,0,11,4,0,7,11
46,8,90,32,0,7,20,0,8,28
46,9,103,32,0,5,13,0,3,16
47,0,0,21,1,7,0,21,31,10
47,1,0,37,1,12,0,16,17,1
47,2,3,37,0,9,3,0,9,12
47,3,3,47,1,12,0,10,12,2
47,4,15,47,0,5,12,0,10,22
47,5,15,74,1,5,0,27,37,10
47,6,28,74,0,8,13,0,4,17
47,7,33,74,0,7,5,0,6,11
47,8,33,75,1,13,0,1,11,10
47,9,33,82,1,6,0,7,15,8
47,10,33,93,1,10,0,11,18,7
47,11,49,93,0,8,16,0,9,25
47,12,82,93,0,10,33,0,8,41
47,13,94,93,0,5,12,0,10,22
47,14,94,96,1,6,0,3,13,10
47,15,94,111,1,5,0,15,21,6
48,0,0,7,1,10,0,7,16,9
48,1,9,7,0,8,9,0,10,19
48,2,45,7,0,1,36,0,10,46
48,3,45,52,1,5,0,45,54,9
48,4,72,52,0,3,27,0,10,37
48,5,72,85,1,4,0,33,41,8
48,6,74,85,0,10,2,0,9,11
48,7,94,85,0,7,20,0,8,28
48,8,103,85,0,8,9,0,7,16
49,0,14,0,0,8,14,0,2,16
49,1,28,0,0,6,14,0,10,24
49,2,47,0,0,6,19,0,9,28
49,3,47,56,1,2,0,56,66,10
49,4,47,69,1,4,0,13,23,10
49,5,80,69,0,9,33,0,2,35
49,6,90,69,0,8,10,0,10,20
49,7,107,69,0,8,17,0,8,25