Game,Round,P0 Score,P1 Score,Winner,Turns,P0 Win,P1 Win,P0 Deadwood,P1 Deadwood
0,0,0,17,1,9,0,17,21,4
0,1,0,25,1,6,0,8,12,4
0,2,19,25,0,9,19,0,7,26
0,3,19,37,1,10,0,12,20,8
0,4,19,40,1,6,0,3,12,9
0,5,86,40,0,3,67,0,3,70
0,6,86,48,1,7,0,8,12,4
0,7,86,60,1,10,0,12,21,9
0,8,108,60,0,10,22,0,1,23
1,0,0,11,1,8,0,11,21,10
1,1,49,11,0,4,49,0,3,52
1,2,72,11,0,4,23,0,10,33
1,3,72,41,1,4,0,30,35,5
1,4,90,41,0,4,18,0,8,26
1,5,120,41,0,6,30,0,10,40
2,0,0,4,1,11,0,4,13,9
2,1,0,7,1,8,0,3,11,8
2,2,23,7,0,5,23,0,8,31
2,3,39,7,0,7,16,0,7,23
2,4,39,19,1,7,0,12,22,10
2,5,39,53,1,3,0,34,41,7
2,6,39,59,1,7,0,6,14,8
2,7,55,59,0,4,16,0,10,26
2,8,55,64,1,13,0,5,15,10
2,9,55,117,1,4,0,53,56,3
3,0,28,0,0,3,28,0,6,34
3,1,64,0,0,3,36,0,4,40
3,2,70,0,0,6,6,0,7,13
3,3,70,9,1,8,0,9,13,4
3,4,81,9,0,7,11,0,7,18
3,5,81,16,1,5,0,7,15,8
3,6,93,16,0,10,12,0,8,20
3,7,99,16,0,6,6,0,10,16
3,8,99,51,1,5,0,35,36,1
3,9,99,73,1,7,0,22,24,2
3,10,99,76,1,6,0,3,11,8
3,11,105,76,0,9,6,0,9,15
4,0,0,4,1,9,0,4,11,7
4,1,37,4,0,5,37,0,0,12
4,2,37,34,1,6,0,30,36,6
4,3,37,46,1,10,0,12,21,9
4,4,52,46,0,6,15,0,8,23
4,5,58,46,0,9,6,0,6,12
4,6,76,46,0,8,18,0,1,19
4,7,88,46,0,9,12,0,10,22
4,8,89,46,0,5,1,0,10,11
4,9,97,46,0,5,8,0,10,18
4,10,97,54,1,3,0,8,17,9
4,11,110,54,0,9,13,0,7,20
5,0,0,7,1,9,0,7,15,8
5,1,13,7,0,7,13,0,7,20
5,2,13,10,1,10,0,3,13,10
5,3,13,21,1,4,0,11,17,6
5,4,13,24,1,6,0,3,12,9
5,5,27,24,0,6,14,0,3,17
5,6,27,38,1,7,0,14,18,4
5,7,62,38,0,5,35,0,10,45
5,8,70,38,0,9,8,0,3,11
5,9,75,38,0,6,5,0,9,14
5,10,81,38,0,9,6,0,10,16
5,11,81,86,1,4,0,48,50,2
5,12,81,100,1,8,0,14,21,7
6,0,0,27,1,8,0,27,34,7
6,1,59,27,0,2,59,0,6,65
6,2,71,27,0,7,12,0,9,21
6,3,71,79,1,3,0,52,56,4
6,4,71,90,1,3,0,11,21,10
6,5,71,134,1,5,0,44,53,9
7,0,35,0,0,6,35,0,8,43
7,1,35,19,1,6,0,19,28,9
7,2,35,28,1,8,0,9,12,3
7,3,35,37,1,5,0,9,14,5
7,4,35,39,1,16,0,2,11,9
7,5,35,47,1,7,0,8,16,8
7,6,41,47,0,5,6,0,10,16
7,7,41,91,1,3,0,44,52,8
7,8,41,94,1,6,0,3,13,10
7,9,41,134,1,2,0,40,49,9
8,0,20,0,0,5,20,0,5,25
8,1,20,17,1,4,0,17,19,2
8,2,20,37,1,4,0,20,29,9
8,3,36,37,0,7,16,0,8,24
8,4,36,39,1,13,0,2,12,10
8,5,45,39,0,10,9,0,2,11
8,6,45,56,1,4,0,17,25,8
8,7,50,56,0,10,5,0,9,14
8,8,50,62,1,6,0,6,12,6
8,9,50,71,1,11,0,9,13,4
8,10,74,71,0,1,24,0,10,34
8,11,74,105,1,4,0,34,42,8
9,0,0,12,1,8,0,12,17,5
9,1,0,18,1,6,0,6,11,5
9,2,0,40,1,4,0,22,31,9
9,3,0,69,1,5,0,29,30,1
9,4,48,69,0,2,48,0,0,23
9,5,48,73,1,9,0,4,13,9
9,6,53,73,0,8,5,0,7,12
9,7,53,84,1,6,0,11,19,8
9,8,53,94,1,10,0,10,18,8
9,9,53,98,1,7,0,4,12,8
9,10,77,98,0,5,24,0,1,25
9,11,99,98,0,4,22,0,1,23
9,12,118,98,0,7,19,0,10,29
10,0,15,0,0,6,15,0,6,21
10,1,15,11,1,7,0,11,20,9
10,2,15,16,1,5,0,5,11,6
10,3,15,38,1,7,0,22,26,4
10,4,19,38,0,10,4,0,7,11
10,5,19,44,1,6,0,6,15,9
10,6,19,66,1,9,0,22,30,8
10,7,19,86,1,9,0,20,27,7
10,8,24,86,0,12,5,0,6,11
10,9,24,96,1,8,0,10,15,5
10,10,24,98,1,8,0,2,12,10
10,11,24,107,1,6,0,9,19,10
11,0,0,4,1,9,0,4,12,8
11,1,0,21,1,3,0,17,27,10
11,2,0,43,1,3,0,22,32,10
11,3,20,43,0,6,20,0,8,28
11,4,20,48,1,5,0,5,15,10
11,5,50,48,0,6,30,0,2,32
11,6,50,55,1,6,0,7,17,10
11,7,50,111,1,3,0,56,63,7
12,0,5,0,0,6,5,0,10,15
12,1,23,0,0,6,18,0,7,25
12,2,54,0,0,7,31,0,10,41
12,3,54,13,1,8,0,13,20,7
12,4,65,13,0,6,11,0,7,18
12,5,65,39,1,8,0,26,34,8
12,6,75,39,0,15,10,0,2,12
12,7,75,50,1,6,0,11,14,3
12,8,75,53,1,8,0,3,11,8
12,9,75,61,1,10,0,8,17,9
12,10,97,61,0,9,22,0,2,24
12,11,112,61,0,8,15,0,7,22
13,0,0,35,1,3,0,35,44,9
13,1,0,44,1,6,0,9,18,9
13,2,0,54,1,7,0,10,18,8
13,3,0,65,1,4,0,11,15,4
13,4,0,71,1,9,0,6,15,9
13,5,0,76,1,6,0,5,14,9
13,6,19,76,0,5,19,0,9,28
13,7,32,76,0,5,13,0,8,21
13,8,32,96,1,5,0,20,22,2
13,9,32,97,1,10,0,1,11,10
13,10,32,129,1,2,0,32,42,10
14,0,25,0,0,7,25,0,7,32
14,1,29,0,0,13,4,0,10,14
14,2,29,54,1,4,0,54,62,8
14,3,29,70,1,8,0,16,19,3
14,4,40,70,0,8,11,0,6,17
14,5,50,70,0,8,10,0,9,19
14,6,50,110,1,8,0,40,50,10
15,0,0,7,1,7,0,7,14,7
15,1,11,7,0,7,11,0,3,14
15,2,11,16,1,4,0,9,15,6
15,3,35,16,0,3,24,0,8,32
15,4,35,23,1,6,0,7,16,9
15,5,43,23,0,9,8,0,6,14
15,6,43,47,1,8,0,24,32,8
15,7,68,47,0,7,25,0,8,33
15,8,68,69,1,3,0,22,31,9
15,9,69,69,0,7,1,0,10,11
15,10,69,94,1,7,0,25,29,4
15,11,92,94,0,5,23,0,8,31
15,12,95,94,0,8,3,0,9,12
15,13,106,94,0,10,11,0,9,20
16,0,8,0,0,10,8,0,5,13
16,1,8,18,1,7,0,18,28,10
16,2,30,18,0,6,22,0,3,25
16,3,33,18,0,8,3,0,8,11
16,4,48,18,0,8,15,0,9,24
16,5,48,22,1,4,0,4,12,8
16,6,68,22,0,10,20,0,1,21
16,7,93,22,0,4,25,0,10,35
16,8,93,46,1,3,0,24,33,9
16,9,108,46,0,6,15,0,5,20
17,0,18,0,0,9,18,0,4,22
17,1,23,0,0,5,5,0,6,11
17,2,23,7,1,4,0,7,17,10
17,3,23,9,1,10,0,2,12,10
17,4,23,23,1,7,0,14,15,1
17,5,75,23,0,1,52,0,10,62
17,6,75,40,1,3,0,17,27,10
17,7,75,84,1,6,0,44,19,0
17,8,75,127,1,5,0,43,45,2
18,0,7,0,0,11,7,0,9,16
18,1,14,0,0,7,7,0,10,17
18,2,14,6,1,8,0,6,14,8
18,3,29,6,0,9,15,0,9,24
18,4,29,17,1,5,0,11,17,6
18,5,35,17,0,9,6,0,9,15
18,6,59,17,0,4,24,0,7,31
18,7,59,50,1,4,0,33,35,2
18,8,112,50,0,3,53,0,9,62
19,0,0,17,1,5,0,17,24,7
19,1,4,17,0,8,4,0,10,14
19,2,4,24,1,7,0,7,14,7
19,3,4,35,1,11,0,11,12,1
19,4,12,35,0,13,8,0,6,14
19,5,22,35,0,8,10,0,8,18
19,6,32,35,0,6,10,0,2,12
19,7,32,67,1,3,0,32,41,9
19,8,75,67,0,5,43,0,5,48
19,9,79,67,0,9,4,0,7,11
19,10,106,67,0,5,27,0,7,34
20,0,0,17,1,5,0,17,20,3
20,1,8,17,0,6,8,0,7,15
20,2,8,24,1,7,0,7,17,10
20,3,8,89,1,3,0,65,75,10
20,4,8,108,1,4,0,19,27,8
21,0,0,14,1,9,0,14,21,7
21,1,10,14,0,10,10,0,9,19
21,2,15,14,0,3,5,0,9,14
21,3,15,24,1,14,0,10,14,4
21,4,27,24,0,6,12,0,7,19
21,5,27,60,1,8,0,36,40,4
21,6,27,70,1,11,0,10,17,7
21,7,27,75,1,7,0,5,13,8
21,8,27,99,1,3,0,24,33,9
21,9,41,99,0,5,14,0,2,16
21,10,41,110,1,7,0,11,20,9
22,0,48,0,0,2,48,0,6,54
22,1,54,0,0,8,6,0,10,16
22,2,54,13,1,9,0,13,17,4
22,3,107,13,0,2,53,0,1,54
23,0,8,0,0,5,8,0,8,16
23,1,13,0,0,12,5,0,7,12
23,2,13,16,1,3,0,16,25,9
23,3,31,16,0,3,18,0,10,28
23,4,31,22,1,5,0,6,16,10
23,5,31,55,1,7,0,33,42,9
23,6,35,55,0,12,4,0,9,13
23,7,57,55,0,5,22,0,8,30
23,8,57,80,1,8,0,25,33,8
23,9,87,80,0,4,30,0,4,34
23,10,87,94,1,7,0,14,21,7
23,11,88,94,0,6,1,0,10,11
23,12,88,97,1,7,0,3,13,10
23,13,109,97,0,5,21,0,7,28
24,0,0,20,1,3,0,20,29,9
24,1,16,20,0,7,16,0,10,26
24,2,16,29,1,7,0,9,13,4
24,3,16,34,1,7,0,5,11,6
24,4,16,44,1,5,0,10,20,10
24,5,40,44,0,11,24,0,9,33
24,6,63,44,0,7,23,0,8,31
24,7,72,44,0,7,9,0,2,11
24,8,97,44,0,5,25,0,10,35
24,9,97,59,1,6,0,15,24,9
24,10,97,69,1,8,0,10,16,6
24,11,97,93,1,3,0,24,32,8
24,12,133,93,0,3,36,0,6,42
25,0,16,0,0,9,16,0,6,22
25,1,24,0,0,4,8,0,9,17
25,2,44,0,0,10,20,0,8,28
25,3,44,7,1,11,0,7,15,8
25,4,55,7,0,10,11,0,9,20
25,5,68,7,0,8,13,0,10,23
25,6,79,7,0,9,11,0,5,16
25,7,95,7,0,6,16,0,5,21
25,8,111,7,0,5,16,0,2,18
26,0,6,0,0,8,6,0,7,13
26,1,18,0,0,4,12,0,8,20
26,2,18,4,1,8,0,4,13,9
26,3,72,4,0,2,54,0,10,64
26,4,82,4,0,10,10,0,6,16
26,5,95,4,0,10,13,0,7,20
26,6,95,21,1,7,0,17,27,10
26,7,95,46,1,7,0,25,32,7
26,8,95,58,1,5,0,12,22,10
26,9,98,58,0,8,3,0,10,13
26,10,98,72,1,6,0,14,17,3
26,11,98,93,1,7,0,21,22,1
26,12,108,93,0,8,10,0,10,20
27,0,23,0,0,4,23,0,9,32
27,1,54,0,0,7,31,0,9,40
27,2,54,4,1,9,0,4,14,10
27,3,75,4,0,1,21,0,10,31
27,4,75,10,1,3,0,6,13,7
27,5,76,10,0,7,1,0,10,11
27,6,76,18,1,5,0,8,13,5
27,7,76,28,1,9,0,10,18,8
27,8,82,28,0,5,6,0,9,15
27,9,82,34,1,3,0,6,14,8
27,10,82,38,1,5,0,4,13,9
27,11,82,66,1,6,0,28,35,7
27,12,100,66,0,5,18,0,6,24
28,0,14,0,0,8,14,0,8,22
28,1,14,4,1,7,0,4,14,10
28,2,36,4,0,4,22,0,9,31
28,3,40,4,0,7,4,0,10,14
28,4,71,4,0,4,31,0,8,39
28,5,88,4,0,6,17,0,10,27
28,6,92,4,0,9,4,0,8,12
28,7,100,4,0,7,8,0,10,18
29,0,8,0,0,6,8,0,9,17
29,1,30,0,0,7,22,0,3,25
29,2,42,0,0,6,12,0,8,20
29,3,50,0,0,7,8,0,8,16
29,4,50,46,1,1,0,46,56,10
29,5,50,59,1,12,0,13,21,8
29,6,54,59,0,7,4,0,8,12
29,7,54,84,1,7,0,25,30,5
29,8,54,107,1,4,0,23,25,2
30,0,0,10,1,10,0,10,20,10
30,1,0,13,1,12,0,3,11,8
30,2,17,13,0,8,17,0,2,19
30,3,77,13,0,3,60,0,3,63
30,4,102,13,0,6,25,0,8,33
31,0,41,0,0,6,41,0,2,43
31,1,41,10,1,8,0,10,20,10
31,2,41,57,1,6,0,47,53,6
31,3,41,79,1,7,0,22,28,6
31,4,74,79,0,2,33,0,9,42
31,5,74,95,1,8,0,16,18,2
31,6,88,95,0,10,14,0,7,21
31,7,88,99,1,8,0,4,12,8
31,8,93,99,0,10,5,0,10,15
31,9,93,104,1,5,0,5,13,8
32,0,0,15,1,5,0,15,25,10
32,1,0,65,1,2,0,50,60,10
32,2,9,65,0,7,9,0,6,15
32,3,41,65,0,7,32,0,8,40
32,4,46,65,0,6,5,0,9,14
32,5,46,74,1,12,0,9,14,5
32,6,96,74,0,4,50,0,10,60
32,7,96,81,1,8,0,7,15,8
32,8,103,81,0,3,7,0,7,14
33,0,0,23,1,6,0,23,29,6
33,1,2,23,0,9,2,0,10,12
33,2,40,23,0,3,38,0,3,41
33,3,40,32,1,8,0,9,11,2
33,4,40,53,1,6,0,21,27,6
33,5,44,53,0,7,4,0,7,11
33,6,44,64,1,5,0,11,21,10
33,7,71,64,0,3,27,0,8,35
33,8,115,64,0,5,44,0,6,50
34,0,31,0,0,6,31,0,6,37
34,1,35,0,0,7,4,0,9,13
34,2,79,0,0,4,44,0,6,50
34,3,93,0,0,6,14,0,8,22
34,4,113,0,0,5,20,0,3,23
35,0,17,0,0,8,17,0,6,23
35,1,58,0,0,4,41,0,10,51
35,2,69,0,0,8,11,0,8,19
35,3,69,36,1,2,0,36,45,9
35,4,83,36,0,9,14,0,3,17
35,5,83,77,1,4,0,41,51,10
35,6,83,79,1,8,0,2,12,10
35,7,88,79,0,7,5,0,8,13
35,8,126,79,0,6,38,0,7,45
36,0,11,0,0,6,11,0,10,21
36,1,40,0,0,7,29,0,9,38
36,2,42,0,0,5,2,0,9,11
36,3,42,14,1,5,0,14,23,9
36,4,42,17,1,9,0,3,11,8
36,5,42,24,1,12,0,7,14,7
36,6,59,24,0,2,17,0,9,26
36,7,63,24,0,10,4,0,9,13
36,8,119,24,0,1,56,0,4,60
37,0,0,5,1,5,0,5,12,7
37,1,0,16,1,8,0,11,15,4
37,2,0,22,1,8,0,6,14,8
37,3,0,42,1,5,0,20,23,3
37,4,13,42,0,6,13,0,10,23
37,5,13,56,1,4,0,14,21,7
37,6,13,79,1,7,0,23,30,7
37,7,13,133,1,5,0,54,29,0
38,0,0,7,1,5,0,7,16,9
38,1,9,7,0,2,9,0,8,17
38,2,9,13,1,8,0,6,14,8
38,3,18,13,0,7,9,0,10,19
38,4,43,13,0,5,25,0,6,31
38,5,62,13,0,4,19,0,10,29
38,6,62,26,1,4,0,13,21,8
38,7,62,57,1,3,0,31,41,10
38,8,69,57,0,9,7,0,9,16
38,9,69,105,1,2,0,48,58,10
39,0,0,24,1,6,0,24,33,9
39,1,7,24,0,5,7,0,4,11
39,2,13,24,0,12,6,0,6,12
39,3,13,36,1,8,0,12,22,10
39,4,19,36,0,6,6,0,7,13
39,5,27,36,0,8,8,0,10,18
39,6,27,41,1,11,0,5,12,7
39,7,36,41,0,7,9,0,6,15
39,8,36,82,1,7,0,41,48,7
39,9,36,90,1,6,0,8,17,9
39,10,49,90,0,6,13,0,7,20
39,11,53,90,0,4,4,0,8,12
39,12,117,90,0,5,64,0,0,39
40,0,5,0,0,5,5,0,10,15
40,1,61,0,0,6,56,0,0,31
40,2,74,0,0,10,13,0,8,21
40,3,74,6,1,5,0,6,16,10
40,4,74,20,1,6,0,14,24,10
40,5,79,20,0,7,5,0,9,14
40,6,83,20,0,8,4,0,8,12
40,7,88,20,0,9,5,0,7,12
40,8,88,47,1,4,0,27,37,10
40,9,88,65,1,8,0,18,25,7
40,10,99,65,0,13,11,0,2,13
40,11,99,77,1,6,0,12,18,6
40,12,112,77,0,6,13,0,1,14
41,0,15,0,0,9,15,0,7,22
41,1,21,0,0,12,6,0,6,12
41,2,41,0,0,7,20,0,7,27
41,3,41,6,1,8,0,6,12,6
41,4,41,24,1,7,0,18,28,10
41,5,61,24,0,3,20,0,3,23
41,6,74,24,0,4,13,0,9,22
41,7,84,24,0,10,10,0,7,17
41,8,98,24,0,8,14,0,3,17
41,9,113,24,0,5,15,0,10,25
42,0,0,13,1,7,0,13,23,10
42,1,21,13,0,8,21,0,9,30
42,2,37,13,0,7,16,0,9,25
42,3,44,13,0,4,7,0,9,16
42,4,44,60,1,4,0,47,54,7
42,5,44,67,1,11,0,7,14,7
42,6,52,67,0,7,8,0,8,16
42,7,68,67,0,3,16,0,4,20
42,8,70,67,0,10,2,0,9,11
42,9,70,79,1,8,0,12,19,7
42,10,126,79,0,2,56,0,5,61
43,0,0,17,1,5,0,17,23,6
43,1,57,17,0,3,57,0,9,66
43,2,57,28,1,5,0,11,19,8
43,3,72,28,0,9,15,0,1,16
43,4,75,28,0,8,3,0,8,11
43,5,84,28,0,2,9,0,10,19
43,6,84,32,1,8,0,4,13,9
43,7,92,32,0,9,8,0,3,11
43,8,114,32,0,8,22,0,5,27
44,0,59,0,0,2,59,0,2,61
44,1,78,0,0,4,19,0,9,28
44,2,85,0,0,8,7,0,9,16
44,3,96,0,0,9,11,0,1,12
44,4,113,0,0,10,17,0,9,26
45,0,0,15,1,2,0,15,19,4
45,1,20,15,0,10,20,0,3,23
45,2,59,15,0,7,39,0,9,48
45,3,59,36,1,8,0,21,28,7
45,4,64,36,0,7,5,0,10,15
45,5,71,36,0,7,7,0,9,16
45,6,85,36,0,11,14,0,8,22
45,7,87,36,0,7,2,0,10,12
45,8,112,36,0,3,25,0,10,35
46,0,0,16,1,11,0,16,26,10
46,1,0,26,1,8,0,10,13,3
46,2,6,26,0,7,6,0,9,15
46,3,16,26,0,2,10,0,6,16
46,4,24,26,0,5,8,0,7,15
46,5,34,26,0,4,10,0,9,19
46,6,34,35,1,8,0,9,19,10
46,7,34,54,1,7,0,19,26,7
46,8,45,54,0,8,11,0,6,17
46,9,49,54,0,10,4,0,8,12
46,10,49,66,1,6,0,12,21,9
46,11,49,73,1,11,0,7,15,8
46,12,53,73,0,11,4,0,9,13
46,13,53,89,1,6,0,16,22,6
46,14,61,89,0,8,8,0,7,15
46,15,61,93,1,7,0,4,11,7
46,16,61,100,1,7,0,7,16,9
47,0,5,0,0,8,5,0,10,15
47,1,5,10,1,11,0,10,19,9
47,2,31,10,0,7,26,0,7,33
47,3,31,15,1,9,0,5,14,9
47,4,31,19,1,5,0,4,13,9
47,5,64,19,0,5,33,0,1,34
47,6,96,19,0,5,32,0,6,38
47,7,96,26,1,8,0,7,15,8
47,8,96,35,1,15,0,9,19,10
47,9,113,35,0,5,17,0,8,25
48,0,0,55,1,8,0,55,30,0
48,1,0,76,1,6,0,21,27,6
48,2,0,109,1,4,0,33,43,10
49,0,4,0,0,10,4,0,8,12
49,1,13,0,0,4,9,0,8,17
49,2,15,0,0,6,2,0,9,11
49,3,27,0,0,6,12,0,1,13
49,4,27,12,1,12,0,12,21,9
49,5,27,17,1,11,0,5,13,8
49,6,56,17,0,7,29,0,7,36
49,7,69,17,0,7,13,0,7,20
49,8,91,17,0,4,22,0,9,31
49,9,91,78,1,3,0,61,65,4
49,10,91,126,1,1,0,48,58,10