Game,Round,P0 Score,P1 Score,Winner,Turns,P0 Win,P1 Win,P0 Deadwood,P1 Deadwood
0,0,10,0,0,8,10,0,8,18
0,1,10,32,1,7,0,32,34,2
0,2,55,32,0,7,45,0,0,20
0,3,55,56,1,6,0,24,34,10
0,4,61,56,0,7,6,0,6,12
0,5,61,77,1,6,0,21,24,3
0,6,61,82,1,13,0,5,15,10
0,7,85,82,0,6,24,0,10,34
0,8,94,82,0,12,9,0,9,18
0,9,94,104,1,7,0,22,31,9
1,0,0,28,1,8,0,28,37,9
1,1,14,28,0,5,14,0,2,16
1,2,14,37,1,4,0,9,19,10
1,3,28,37,0,6,14,0,5,19
1,4,53,37,0,7,25,0,2,27
1,5,53,48,1,11,0,11,15,4
1,6,98,48,0,4,45,0,10,55
1,7,98,53,1,4,0,5,14,9
1,8,132,53,0,7,34,0,7,41
2,0,35,0,0,2,35,0,7,42
2,1,44,0,0,6,9,0,8,17
2,2,66,0,0,4,22,0,7,29
2,3,66,32,1,3,0,32,40,8
2,4,66,73,1,8,0,41,49,8
2,5,90,73,0,6,24,0,1,25
2,6,90,76,1,4,0,3,11,8
2,7,90,87,1,10,0,11,20,9
2,8,90,105,1,5,0,18,25,7
3,0,22,0,0,8,22,0,9,31
3,1,22,41,1,3,0,41,51,10
3,2,22,55,1,10,0,14,24,10
3,3,24,55,0,6,2,0,10,12
3,4,32,55,0,6,8,0,4,12
3,5,36,55,0,6,4,0,10,14
3,6,36,92,1,8,0,37,41,4
3,7,46,92,0,10,10,0,7,17
3,8,67,92,0,7,21,0,10,31
3,9,77,92,0,8,10,0,6,16
3,10,77,137,1,2,0,45,55,10
4,0,0,16,1,11,0,16,24,8
4,1,0,124,1,1,0,108,83,0
5,0,37,0,0,10,37,0,0,12
5,1,54,0,0,6,17,0,8,25
5,2,54,27,1,10,0,27,30,3
5,3,71,27,0,3,17,0,9,26
5,4,81,27,0,11,10,0,9,19
5,5,98,27,0,10,17,0,2,19
5,6,161,27,0,5,63,0,0,38
6,0,10,0,0,9,10,0,2,12
6,1,10,12,1,6,0,12,22,10
6,2,10,32,1,8,0,20,28,8
6,3,26,32,0,7,16,0,7,23
6,4,26,69,1,7,0,37,46,9
6,5,27,69,0,8,1,0,10,11
6,6,27,93,1,8,0,24,32,8
6,7,33,93,0,10,6,0,6,12
6,8,50,93,0,6,17,0,3,20
6,9,70,93,0,8,20,0,4,24
6,10,70,102,1,6,0,9,19,10
7,0,0,25,1,7,0,25,34,9
7,1,0,76,1,3,0,51,61,10
7,2,3,76,0,8,3,0,10,13
7,3,3,115,1,3,0,39,40,1
8,0,23,0,0,10,23,0,9,32
8,1,30,0,0,4,7,0,7,14
8,2,37,0,0,8,7,0,4,11
8,3,64,0,0,3,27,0,8,35
8,4,72,0,0,6,8,0,7,15
8,5,72,10,1,5,0,10,20,10
8,6,137,10,0,4,65,0,0,40
9,0,46,0,0,6,46,0,0,21
9,1,46,15,1,9,0,15,22,7
9,2,48,15,0,8,2,0,10,12
9,3,54,15,0,7,6,0,5,11
9,4,54,33,1,1,0,18,28,10
9,5,59,33,0,7,5,0,8,13
9,6,77,33,0,8,18,0,8,26
9,7,77,53,1,5,0,20,24,4
9,8,77,77,1,6,0,24,33,9
9,9,77,103,1,7,0,26,31,5
10,0,4,0,0,9,4,0,9,13
10,1,12,0,0,16,8,0,10,18
10,2,28,0,0,9,16,0,10,26
10,3,42,0,0,7,14,0,7,21
10,4,80,0,0,6,38,0,0,13
10,5,83,0,0,4,3,0,9,12
10,6,83,25,1,6,0,25,33,8
10,7,83,70,1,9,0,45,53,8
10,8,130,70,0,3,47,0,7,54
11,0,0,33,1,3,0,33,34,1
11,1,0,64,1,4,0,31,38,7
11,2,0,77,1,9,0,13,23,10
11,3,0,118,1,2,0,41,51,10
12,0,42,0,0,6,42,0,6,48
12,1,42,23,1,8,0,23,30,7
12,2,63,23,0,4,21,0,6,27
12,3,73,23,0,5,10,0,9,19
12,4,73,40,1,6,0,17,24,7
12,5,77,40,0,8,4,0,10,14
12,6,90,40,0,6,13,0,9,22
12,7,114,40,0,5,24,0,4,28
13,0,0,29,1,7,0,29,36,7
13,1,0,62,1,2,0,33,43,10
13,2,52,62,0,2,52,0,7,59
13,3,88,62,0,3,36,0,2,38
13,4,88,78,1,6,0,16,20,4
13,5,88,83,1,8,0,5,12,7
13,6,91,83,0,12,3,0,10,13
13,7,91,110,1,7,0,27,32,5
14,0,22,0,0,6,22,0,9,31
14,1,22,48,1,6,0,48,23,0
14,2,45,48,0,5,23,0,9,32
14,3,45,67,1,3,0,19,26,7
14,4,48,67,0,13,3,0,10,13
14,5,57,67,0,6,9,0,8,17
14,6,85,67,0,6,28,0,1,29
14,7,85,102,1,8,0,35,37,2
15,0,6,0,0,6,6,0,5,11
15,1,6,27,1,6,0,27,37,10
15,2,6,47,1,9,0,20,23,3
15,3,6,102,1,5,0,55,63,8
16,0,0,25,1,9,0,25,31,6
16,1,20,25,0,5,20,0,10,30
16,2,79,25,0,3,59,0,2,61
16,3,79,28,1,8,0,3,11,8
16,4,79,40,1,7,0,12,22,10
16,5,79,69,1,3,0,29,38,9
16,6,79,94,1,4,0,25,32,7
16,7,79,139,1,10,0,45,47,2
17,0,8,0,0,9,8,0,3,11
17,1,28,0,0,4,20,0,7,27
17,2,52,0,0,5,24,0,8,32
17,3,52,32,1,4,0,32,40,8
17,4,52,52,1,11,0,20,29,9
17,5,63,52,0,8,11,0,9,20
17,6,63,79,1,8,0,27,31,4
17,7,63,97,1,10,0,18,20,2
17,8,63,116,1,10,0,19,29,10
18,0,31,0,0,5,31,0,8,39
18,1,31,13,1,9,0,13,18,5
18,2,44,13,0,7,13,0,6,19
18,3,66,13,0,6,22,0,3,25
18,4,66,30,1,8,0,17,25,8
18,5,66,63,1,4,0,33,40,7
18,6,68,63,0,5,2,0,9,11
18,7,85,63,0,7,17,0,9,26
18,8,85,67,1,12,0,4,13,9
18,9,85,94,1,7,0,27,33,6
18,10,85,115,1,8,0,21,24,3
19,0,27,0,0,9,27,0,2,29
19,1,29,0,0,7,2,0,10,12
19,2,29,41,1,3,0,41,42,1
19,3,29,72,1,3,0,31,32,1
19,4,32,72,0,9,3,0,9,12
19,5,32,100,1,7,0,28,34,6
20,0,0,5,1,7,0,5,13,8
20,1,23,5,0,4,23,0,7,30
20,2,28,5,0,10,5,0,7,12
20,3,28,23,1,6,0,18,24,6
20,4,28,37,1,6,0,14,20,6
20,5,29,37,0,9,1,0,10,11
20,6,29,87,1,2,0,50,58,8
20,7,37,87,0,9,8,0,7,15
20,8,48,87,0,6,11,0,7,18
20,9,83,87,0,7,35,0,3,38
20,10,83,112,1,13,0,25,29,4
21,0,0,18,1,9,0,18,27,9
21,1,37,18,0,6,37,0,5,42
21,2,98,18,0,4,61,0,0,36
21,3,98,41,1,12,0,23,29,6
21,4,98,53,1,8,0,12,15,3
21,5,98,75,1,10,0,22,32,10
21,6,103,75,0,11,5,0,8,13
22,0,0,12,1,7,0,12,22,10
22,1,0,41,1,8,0,29,32,3
22,2,3,41,0,14,3,0,10,13
22,3,3,44,1,7,0,3,11,8
22,4,11,44,0,15,8,0,5,13
22,5,11,69,1,7,0,25,33,8
22,6,14,69,0,7,3,0,8,11
22,7,14,94,1,7,0,25,35,10
22,8,14,98,1,10,0,4,11,7
22,9,14,147,1,4,0,49,57,8
23,0,0,28,1,8,0,28,30,2
23,1,18,28,0,5,18,0,3,21
23,2,18,52,1,2,0,24,32,8
23,3,28,52,0,5,10,0,7,17
23,4,39,52,0,5,11,0,6,17
23,5,39,90,1,7,0,38,48,10
23,6,39,101,1,6,0,11,19,8
24,0,0,34,1,6,0,34,43,9
24,1,5,34,0,6,5,0,8,13
24,2,22,34,0,7,17,0,9,26
24,3,51,34,0,3,29,0,2,31
24,4,51,58,1,6,0,24,31,7
24,5,51,73,1,9,0,15,17,2
24,6,70,73,0,6,19,0,10,29
24,7,76,73,0,7,6,0,8,14
24,8,85,73,0,8,9,0,9,18
24,9,85,116,1,4,0,43,45,2