Game,Round,P0 Score,P1 Score,Winner,Turns,P0 Win,P1 Win,P0 Deadwood,P1 Deadwood
0,0,14,0,0,9,14,0,8,22
0,1,14,25,1,8,0,25,28,3
0,2,14,81,1,2,0,56,64,8
0,3,14,104,1,5,0,23,29,6
1,0,0,18,1,7,0,18,28,10
1,1,0,48,1,7,0,30,39,9
1,2,56,48,0,4,56,0,9,65
1,3,70,48,0,8,14,0,2,16
1,4,84,48,0,6,14,0,9,23
1,5,88,48,0,9,4,0,7,11
1,6,88,95,1,7,0,47,53,6
1,7,95,95,0,5,7,0,9,16
1,8,108,95,0,9,13,0,6,19
2,0,0,5,1,4,0,5,15,10
2,1,0,11,1,8,0,6,15,9
2,2,5,11,0,6,5,0,8,13
2,3,12,11,0,9,7,0,8,15
2,4,12,17,1,10,0,6,14,8
2,5,12,22,1,5,0,5,12,7
2,6,12,34,1,4,0,12,20,8
2,7,12,48,1,7,0,14,23,9
2,8,29,48,0,8,17,0,7,24
2,9,29,55,1,5,0,7,17,10
2,10,49,55,0,10,20,0,8,28
2,11,66,55,0,5,17,0,5,22
2,12,66,110,1,6,0,55,30,0
3,0,0,11,1,8,0,11,18,7
3,1,17,11,0,13,17,0,4,21
3,2,62,11,0,1,45,0,9,54
3,3,74,11,0,9,12,0,10,22
3,4,74,15,1,12,0,4,14,10
3,5,74,17,1,7,0,2,11,9
3,6,94,17,0,7,20,0,2,22
3,7,102,17,0,4,8,0,9,17
4,0,0,12,1,7,0,12,15,3
4,1,4,12,0,3,4,0,7,11
4,2,20,12,0,6,16,0,10,26
4,3,36,12,0,6,16,0,2,18
4,4,61,12,0,5,25,0,8,33
4,5,109,12,0,4,48,0,10,58
5,0,11,0,0,8,11,0,4,15
5,1,11,17,1,6,0,17,25,8
5,2,57,17,0,4,46,0,10,56
5,3,57,25,1,13,0,8,13,5
5,4,73,25,0,8,16,0,2,18
5,5,99,25,0,4,26,0,4,30
5,6,124,25,0,7,25,0,8,33
6,0,21,0,0,6,21,0,5,26
6,1,21,20,1,4,0,20,28,8
6,2,70,20,0,5,49,0,1,50
6,3,85,20,0,4,15,0,9,24
6,4,92,20,0,5,7,0,10,17
6,5,112,20,0,9,20,0,9,29
7,0,22,0,0,4,22,0,3,25
7,1,25,0,0,7,3,0,8,11
7,2,31,0,0,10,6,0,10,16
7,3,57,0,0,3,26,0,7,33
7,4,57,3,1,9,0,3,11,8
7,5,81,3,0,4,24,0,3,27
7,6,99,3,0,9,18,0,9,27
7,7,102,3,0,11,3,0,9,12
8,0,8,0,0,7,8,0,9,17
8,1,8,30,1,6,0,30,39,9
8,2,37,30,0,4,29,0,8,37
8,3,37,40,1,7,0,10,18,8
8,4,37,62,1,5,0,22,29,7
8,5,37,118,1,5,0,56,59,3
9,0,12,0,0,7,12,0,7,19
9,1,32,0,0,8,20,0,10,30
9,2,50,0,0,4,18,0,6,24
9,3,67,0,0,10,17,0,8,25
9,4,73,0,0,7,6,0,7,13
9,5,85,0,0,10,12,0,1,13
9,6,93,0,0,11,8,0,8,16
9,7,93,49,1,3,0,49,57,8
9,8,93,53,1,8,0,4,12,8
9,9,93,83,1,7,0,30,34,4
9,10,99,83,0,6,6,0,10,16
9,11,104,83,0,7,5,0,10,15
10,0,8,0,0,11,8,0,7,15
10,1,17,0,0,9,9,0,9,18
10,2,17,27,1,3,0,27,37,10
10,3,20,27,0,7,3,0,8,11
10,4,20,37,1,8,0,10,20,10
10,5,26,37,0,11,6,0,10,16
10,6,26,55,1,8,0,18,24,6
10,7,26,68,1,6,0,13,21,8
10,8,36,68,0,5,10,0,3,13
10,9,36,87,1,7,0,19,25,6
10,10,51,87,0,8,15,0,3,18
10,11,65,87,0,5,14,0,9,23
10,12,65,112,1,9,0,25,31,6
11,0,2,0,0,6,2,0,9,11
11,1,2,67,1,1,0,67,75,8
11,2,2,77,1,8,0,10,18,8
11,3,2,88,1,8,0,11,18,7
11,4,2,105,1,6,0,17,21,4
12,0,19,0,0,3,19,0,10,29
12,1,26,0,0,10,7,0,7,14
12,2,47,0,0,10,21,0,10,31
12,3,47,9,1,10,0,9,16,7
12,4,70,9,0,3,23,0,10,33
12,5,70,13,1,10,0,4,13,9
12,6,70,28,1,5,0,15,25,10
12,7,72,28,0,6,2,0,10,12
12,8,100,28,0,8,28,0,9,37
13,0,8,0,0,8,8,0,6,14
13,1,8,5,1,9,0,5,12,7
13,2,8,14,1,7,0,9,17,8
13,3,8,76,1,3,0,62,68,6
13,4,8,101,1,5,0,25,26,1
14,0,3,0,0,9,3,0,10,13
14,1,42,0,0,7,39,0,10,49
14,2,42,34,1,4,0,34,40,6
14,3,66,34,0,5,24,0,2,26
14,4,66,43,1,6,0,9,18,9
14,5,66,84,1,3,0,41,42,1
14,6,66,105,1,5,0,21,31,10
15,0,0,16,1,4,0,16,17,1
15,1,5,16,0,4,5,0,10,15
15,2,5,24,1,14,0,8,11,3
15,3,26,24,0,7,21,0,10,31
15,4,35,24,0,6,9,0,9,18
15,5,35,35,1,5,0,11,19,8
15,6,35,49,1,9,0,14,24,10
15,7,40,49,0,12,5,0,10,15
15,8,47,49,0,5,7,0,8,15
15,9,47,66,1,7,0,17,18,1
15,10,47,92,1,4,0,26,28,2
15,11,47,104,1,6,0,12,21,9
16,0,0,30,1,3,0,30,31,1
16,1,11,30,0,9,11,0,5,16
16,2,24,30,0,8,13,0,10,23
16,3,34,30,0,4,10,0,10,20
16,4,42,30,0,5,8,0,4,12
16,5,77,30,0,4,35,0,6,41
16,6,96,30,0,7,19,0,9,28
16,7,96,46,1,9,0,16,22,6
16,8,96,55,1,10,0,9,13,4
16,9,104,55,0,9,8,0,8,16
17,0,22,0,0,4,22,0,6,28
17,1,22,26,1,6,0,26,31,5
17,2,30,26,0,14,8,0,4,12
17,3,46,26,0,6,16,0,1,17
17,4,46,32,1,5,0,6,11,5
17,5,46,59,1,5,0,27,36,9
17,6,46,87,1,3,0,28,29,1
17,7,46,121,1,9,0,34,35,1
18,0,3,0,0,3,3,0,9,12
18,1,11,0,0,9,8,0,8,16
18,2,24,0,0,10,13,0,1,14
18,3,24,8,1,7,0,8,14,6
18,4,24,25,1,4,0,17,25,8
18,5,24,29,1,10,0,4,12,8
18,6,29,29,0,4,5,0,8,13
18,7,32,29,0,6,3,0,9,12
18,8,32,46,1,11,0,17,26,9
18,9,32,63,1,6,0,17,26,9
18,10,43,63,0,7,11,0,9,20
18,11,43,66,1,10,0,3,11,8
18,12,43,73,1,10,0,7,13,6
18,13,43,86,1,11,0,13,15,2
18,14,43,89,1,4,0,3,12,9
18,15,43,93,1,4,0,4,12,8
18,16,43,104,1,10,0,11,16,5
19,0,3,0,0,3,3,0,10,13
19,1,19,0,0,10,16,0,9,25
19,2,44,0,0,9,25,0,1,26
19,3,81,0,0,5,37,0,7,44
19,4,81,13,1,11,0,13,23,10
19,5,81,19,1,12,0,6,15,9
19,6,83,19,0,10,2,0,9,11
19,7,83,33,1,7,0,14,21,7
19,8,83,44,1,6,0,11,21,10
19,9,87,44,0,11,4,0,10,14
19,10,109,44,0,5,22,0,2,24