Game,Round,P0 Score,P1 Score,Winner,Turns,P0 Win,P1 Win,P0 Deadwood,P1 Deadwood
0,0,0,37,1,3,0,37,46,9
0,1,0,68,1,3,0,31,39,8
0,2,0,85,1,5,0,17,18,1
0,3,0,98,1,7,0,13,17,4
0,4,16,98,0,9,16,0,6,22
0,5,39,98,0,3,23,0,10,33
0,6,39,136,1,7,0,38,13,0
1,0,0,18,1,9,0,18,26,8
1,1,0,54,1,6,0,36,11,0
1,2,30,54,0,3,30,0,10,40
1,3,30,55,1,7,0,1,11,10
1,4,30,66,1,10,0,11,12,1
1,5,69,66,0,5,39,0,9,48
1,6,115,66,0,3,46,0,10,56
2,0,7,0,0,5,7,0,7,14
2,1,7,51,1,2,0,51,55,4
2,2,37,51,0,4,30,0,10,40
2,3,37,66,1,8,0,15,25,10
2,4,37,91,1,6,0,25,26,1
2,5,44,91,0,8,7,0,10,17
2,6,44,107,1,7,0,16,24,8
3,0,9,0,0,8,9,0,6,15
3,1,9,33,1,7,0,33,38,5
3,2,9,53,1,5,0,20,29,9
3,3,51,53,0,5,42,0,1,43
3,4,51,70,1,10,0,17,27,10
3,5,51,85,1,10,0,15,23,8
3,6,74,85,0,7,23,0,9,32
3,7,74,103,1,10,0,18,27,9
4,0,31,0,0,4,31,0,10,41
4,1,31,42,1,4,0,42,52,10
4,2,85,42,0,5,54,0,2,56
4,3,150,42,0,4,65,0,8,73
5,0,16,0,0,7,16,0,10,26
5,1,41,0,0,9,25,0,9,34
5,2,41,14,1,5,0,14,17,3
5,3,41,49,1,3,0,35,42,7
5,4,41,66,1,11,0,17,22,5
5,5,64,66,0,4,23,0,8,31
5,6,109,66,0,2,45,0,6,51
6,0,0,3,1,7,0,3,13,10
6,1,25,3,0,8,25,0,10,35
6,2,33,3,0,8,8,0,8,16
6,3,70,3,0,6,37,0,4,41
6,4,70,52,1,3,0,49,56,7
6,5,70,65,1,11,0,13,22,9
6,6,70,73,1,8,0,8,15,7
6,7,70,93,1,8,0,20,27,7
6,8,70,98,1,5,0,5,14,9
6,9,81,98,0,12,11,0,2,13
6,10,112,98,0,8,31,0,10,41
7,0,0,12,1,7,0,12,18,6
7,1,0,60,1,6,0,48,50,2
7,2,0,63,1,10,0,3,11,8
7,3,0,94,1,3,0,31,36,5
7,4,18,94,0,4,18,0,10,28
7,5,51,94,0,7,33,0,3,36
7,6,83,94,0,7,32,0,1,33
7,7,96,94,0,6,13,0,9,22
7,8,96,110,1,6,0,16,17,1
8,0,0,9,1,8,0,9,18,9
8,1,0,32,1,5,0,23,30,7
8,2,54,32,0,4,54,0,10,64
8,3,69,32,0,9,15,0,10,25
8,4,89,32,0,4,20,0,10,30
8,5,103,32,0,3,14,0,10,24
9,0,0,28,1,6,0,28,29,1
9,1,0,37,1,10,0,9,19,10
9,2,0,79,1,4,0,42,50,8
9,3,42,79,0,6,42,0,7,49
9,4,42,122,1,1,0,43,53,10
10,0,0,15,1,6,0,15,17,2
10,1,0,29,1,8,0,14,23,9
10,2,13,29,0,12,13,0,10,23
10,3,13,40,1,8,0,11,19,8
10,4,44,40,0,6,31,0,1,32
10,5,53,40,0,5,9,0,3,12
10,6,53,50,1,8,0,10,17,7
10,7,53,76,1,4,0,26,35,9
10,8,94,76,0,2,41,0,9,50
10,9,94,82,1,6,0,6,15,9
10,10,94,134,1,6,0,52,27,0
11,0,0,6,1,5,0,6,11,5
11,1,0,25,1,12,0,19,25,6
11,2,48,25,0,6,48,0,10,58
11,3,71,25,0,7,23,0,2,25
11,4,71,44,1,8,0,19,21,2
11,5,71,49,1,7,0,5,15,10
11,6,122,49,0,7,51,0,0,26
12,0,0,24,1,3,0,24,34,10
12,1,0,42,1,2,0,18,27,9
12,2,31,42,0,2,31,0,10,41
12,3,31,62,1,6,0,20,24,4
12,4,31,90,1,7,0,28,32,4
12,5,31,124,1,10,0,34,42,8
13,0,0,17,1,8,0,17,26,9
13,1,0,50,1,2,0,33,43,10
13,2,0,54,1,7,0,4,12,8
13,3,0,70,1,5,0,16,23,7
13,4,0,109,1,10,0,39,14,0
14,0,0,26,1,7,0,26,30,4
14,1,7,26,0,6,7,0,5,12
14,2,31,26,0,7,24,0,7,31
14,3,31,50,1,6,0,24,27,3
14,4,31,98,1,12,0,48,23,0
14,5,78,98,0,4,47,0,9,56
14,6,78,111,1,8,0,13,18,5
15,0,0,4,1,5,0,4,12,8
15,1,0,27,1,7,0,23,31,8
15,2,11,27,0,9,11,0,7,18
15,3,11,62,1,3,0,35,41,6
15,4,21,62,0,12,10,0,3,13
15,5,21,63,1,7,0,1,11,10
15,6,32,63,0,6,11,0,8,19
15,7,32,100,1,5,0,37,38,1
16,0,0,4,1,11,0,4,14,10
16,1,36,4,0,6,36,0,4,40
16,2,105,4,0,4,69,0,5,74
17,0,0,40,1,5,0,40,47,7
17,1,5,40,0,8,5,0,9,14
17,2,5,69,1,3,0,29,37,8
17,3,5,75,1,7,0,6,11,5
17,4,5,100,1,4,0,25,34,9
18,0,2,0,0,7,2,0,9,11
18,1,2,11,1,5,0,11,20,9
18,2,33,11,0,8,31,0,9,40
18,3,58,11,0,11,25,0,6,31
18,4,88,11,0,6,30,0,4,34
18,5,117,11,0,5,29,0,9,38
19,0,0,1,1,6,0,1,11,10
19,1,60,1,0,1,60,0,10,70
19,2,73,1,0,7,13,0,8,21
19,3,73,19,1,7,0,18,19,1
19,4,97,19,0,7,24,0,9,33
19,5,97,62,1,5,0,43,53,10
19,6,148,62,0,7,51,0,9,60
20,0,16,0,0,9,16,0,2,18
20,1,33,0,0,4,17,0,6,23
20,2,65,0,0,4,32,0,10,42
20,3,65,30,1,3,0,30,39,9
20,4,65,61,1,1,0,31,39,8
20,5,65,84,1,6,0,23,33,10
20,6,65,126,1,2,0,42,50,8
21,0,0,13,1,13,0,13,18,5
21,1,4,13,0,9,4,0,8,12
21,2,4,36,1,5,0,23,24,1
21,3,4,72,1,5,0,36,46,10
21,4,4,122,1,5,0,50,53,3
22,0,0,13,1,8,0,13,15,2
22,1,0,83,1,5,0,70,45,0
22,2,0,110,1,4,0,27,37,10
23,0,0,8,1,7,0,8,18,10
23,1,36,8,0,7,36,0,2,38
23,2,36,29,1,2,0,21,29,8
23,3,36,44,1,11,0,15,17,2
23,4,36,55,1,6,0,11,16,5
23,5,36,75,1,8,0,20,29,9
23,6,36,85,1,8,0,10,16,6
23,7,44,85,0,7,8,0,3,11
23,8,44,105,1,5,0,20,22,2
24,0,0,21,1,7,0,21,28,7
24,1,0,32,1,10,0,11,13,2
24,2,50,32,0,4,50,0,9,59
24,3,50,38,1,8,0,6,14,8
24,4,50,48,1,7,0,10,14,4
24,5,89,48,0,5,39,0,8,47
24,6,127,48,0,7,38,0,10,48