Game,Round,P0 Score,P1 Score,Winner,Turns,P0 Win,P1 Win,P0 Deadwood,P1 Deadwood
0,0,0,40,1,4,0,40,47,7
0,1,0,52,1,13,0,12,16,4
0,2,0,60,1,4,0,8,17,9
0,3,0,80,1,9,0,20,30,10
0,4,10,80,0,8,10,0,6,16
0,5,20,80,0,4,10,0,7,17
0,6,50,80,0,6,30,0,2,32
0,7,65,80,0,12,15,0,6,21
0,8,100,80,0,6,35,0,2,37
1,0,24,0,0,7,24,0,3,27
1,1,47,0,0,5,23,0,3,26
1,2,72,0,0,5,25,0,4,29
1,3,72,28,1,4,0,28,36,8
1,4,97,28,0,5,25,0,2,27
1,5,97,56,1,8,0,28,38,10
1,6,120,56,0,3,23,0,6,29
2,0,35,0,0,2,35,0,7,42
2,1,35,32,1,6,0,32,42,10
2,2,68,32,0,3,33,0,9,42
2,3,68,40,1,11,0,8,18,10
2,4,113,40,0,6,45,0,2,47
3,0,20,0,0,7,20,0,10,30
3,1,20,41,1,3,0,41,51,10
3,2,20,84,1,4,0,43,50,7
3,3,20,124,1,6,0,40,43,3
4,0,18,0,0,8,18,0,8,26
4,1,18,73,1,5,0,73,82,9
4,2,18,79,1,7,0,6,15,9
4,3,20,79,0,5,2,0,9,11
4,4,36,79,0,8,16,0,8,24
4,5,50,79,0,8,14,0,6,20
4,6,60,79,0,11,10,0,7,17
4,7,60,127,1,4,0,48,53,5
5,0,0,28,1,6,0,28,37,9
5,1,13,28,0,6,13,0,7,20
5,2,13,69,1,4,0,41,47,6
5,3,30,69,0,3,17,0,9,26
5,4,34,69,0,12,4,0,7,11
5,5,53,69,0,4,19,0,10,29
5,6,65,69,0,8,12,0,5,17
5,7,95,69,0,3,30,0,5,35
5,8,118,69,0,7,23,0,7,30
6,0,3,0,0,7,3,0,8,11
6,1,21,0,0,5,18,0,5,23
6,2,21,18,1,9,0,18,20,2
6,3,45,18,0,7,24,0,2,26
6,4,45,30,1,11,0,12,14,2
6,5,46,30,0,6,1,0,10,11
6,6,46,44,1,5,0,14,23,9
6,7,46,71,1,9,0,27,37,10
6,8,64,71,0,6,18,0,3,21
6,9,113,71,0,5,49,0,4,53
7,0,19,0,0,6,19,0,5,24
7,1,19,44,1,5,0,44,53,9
7,2,29,44,0,8,10,0,3,13
7,3,29,65,1,3,0,21,30,9
7,4,29,83,1,6,0,18,21,3
7,5,29,113,1,7,0,30,39,9
8,0,22,0,0,8,22,0,8,30
8,1,35,0,0,6,13,0,6,19
8,2,52,0,0,9,17,0,2,19
8,3,57,0,0,6,5,0,8,13
8,4,57,10,1,8,0,10,16,6
8,5,57,38,1,5,0,28,37,9
8,6,81,38,0,5,24,0,1,25
8,7,84,38,0,11,3,0,8,11
8,8,84,71,1,5,0,33,40,7
8,9,84,79,1,9,0,8,15,7
8,10,105,79,0,5,21,0,5,26
9,0,18,0,0,9,18,0,10,28
9,1,18,12,1,7,0,12,22,10
9,2,18,23,1,6,0,11,21,10
9,3,44,23,0,8,26,0,2,28
9,4,44,28,1,2,0,5,15,10
9,5,50,28,0,4,6,0,9,15
9,6,58,28,0,7,8,0,7,15
9,7,58,86,1,5,0,58,66,8
9,8,58,100,1,9,0,14,22,8
10,0,6,0,0,10,6,0,8,14
10,1,6,26,1,11,0,26,33,7
10,2,22,26,0,10,16,0,7,23
10,3,22,45,1,10,0,19,26,7
10,4,22,69,1,6,0,24,25,1
10,5,31,69,0,5,9,0,3,12
10,6,31,82,1,9,0,13,21,8
10,7,31,97,1,10,0,15,16,1
10,8,77,97,0,3,46,0,7,53
10,9,123,97,0,4,46,0,8,54
11,0,0,4,1,9,0,4,11,7
11,1,17,4,0,8,17,0,6,23
11,2,34,4,0,7,17,0,10,27
11,3,34,46,1,6,0,42,52,10
11,4,34,58,1,5,0,12,17,5
11,5,53,58,0,4,19,0,8,27
11,6,53,66,1,7,0,8,17,9
11,7,82,66,0,5,29,0,10,39
11,8,92,66,0,7,10,0,8,18
11,9,101,66,0,7,9,0,9,18
12,0,29,0,0,7,29,0,9,38
12,1,34,0,0,9,5,0,9,14
12,2,51,0,0,4,17,0,8,25
12,3,51,24,1,8,0,24,33,9
12,4,74,24,0,4,23,0,10,33
12,5,74,54,1,7,0,30,40,10
12,6,74,88,1,4,0,34,36,2
12,7,100,88,0,5,26,0,2,28
13,0,0,20,1,9,0,20,29,9
13,1,0,53,1,2,0,33,43,10
13,2,40,53,0,5,40,0,8,48
13,3,88,53,0,3,48,0,8,56
13,4,88,93,1,5,0,40,46,6
13,5,91,93,0,6,3,0,9,12
13,6,91,105,1,14,0,12,20,8
14,0,11,0,0,5,11,0,10,21
14,1,23,0,0,5,12,0,6,18
14,2,63,0,0,3,40,0,10,50
14,3,63,28,1,6,0,28,37,9
14,4,63,60,1,10,0,32,38,6
14,5,82,60,0,4,19,0,1,20
14,6,94,60,0,6,12,0,10,22
14,7,94,70,1,10,0,10,20,10
14,8,94,102,1,6,0,32,36,4
15,0,10,0,0,5,10,0,1,11
15,1,10,36,1,5,0,36,44,8
15,2,10,49,1,8,0,13,22,9
15,3,10,108,1,3,0,59,67,8
16,0,0,10,1,8,0,10,17,7
16,1,15,10,0,5,15,0,7,22
16,2,62,10,0,3,47,0,2,49
16,3,62,46,1,5,0,36,45,9
16,4,74,46,0,8,12,0,8,20
16,5,74,75,1,3,0,29,38,9
16,6,74,100,1,4,0,25,35,10
17,0,0,40,1,6,0,40,41,1
17,1,0,59,1,5,0,19,27,8
17,2,8,59,0,12,8,0,8,16
17,3,8,83,1,4,0,24,33,9
17,4,8,101,1,7,0,18,22,4
18,0,11,0,0,5,11,0,8,19
18,1,30,0,0,5,19,0,3,22
18,2,43,0,0,12,13,0,2,15
18,3,82,0,0,7,39,0,7,46
18,4,82,14,1,5,0,14,23,9
18,5,82,43,1,6,0,29,38,9
18,6,92,43,0,6,10,0,4,14
18,7,92,47,1,9,0,4,13,9
18,8,92,84,1,4,0,37,46,9
18,9,92,106,1,6,0,22,30,8
19,0,19,0,0,9,19,0,7,26
19,1,62,0,0,8,43,0,0,18
19,2,62,40,1,3,0,40,49,9
19,3,68,40,0,4,6,0,8,14
19,4,68,60,1,9,0,20,28,8
19,5,68,88,1,7,0,28,30,2
19,6,127,88,0,1,59,0,10,69
20,0,0,6,1,8,0,6,15,9
20,1,13,6,0,9,13,0,10,23
20,2,13,34,1,5,0,28,30,2
20,3,58,34,0,5,45,0,0,20
20,4,58,40,1,5,0,6,15,9
20,5,58,43,1,7,0,3,12,9
20,6,58,97,1,1,0,54,64,10
20,7,58,125,1,6,0,28,34,6
21,0,0,16,1,6,0,16,24,8
21,1,29,16,0,7,29,0,10,39
21,2,34,16,0,8,5,0,7,12
21,3,34,37,1,6,0,21,22,1
21,4,44,37,0,5,10,0,8,18
21,5,44,104,1,4,0,67,75,8
22,0,0,50,1,7,0,50,25,0
22,1,0,58,1,12,0,8,11,3
22,2,0,64,1,7,0,6,14,8
22,3,0,66,1,8,0,2,11,9
22,4,62,66,0,5,62,0,0,37
22,5,88,66,0,4,26,0,1,27
22,6,99,66,0,9,11,0,7,18
22,7,99,79,1,7,0,13,16,3
22,8,99,139,1,2,0,60,69,9
23,0,0,45,1,5,0,45,54,9
23,1,0,53,1,7,0,8,13,5
23,2,0,77,1,2,0,24,32,8
23,3,15,77,0,4,15,0,9,24
23,4,17,77,0,11,2,0,9,11
23,5,17,107,1,7,0,30,37,7
24,0,0,14,1,8,0,14,20,6
24,1,23,14,0,6,23,0,2,25
24,2,80,14,0,5,57,0,6,63
24,3,106,14,0,5,26,0,7,33